id,timestamp,x,y,confidence
car1,10.05,267.63,218.413,142
car1,10.1,267.617,218.473,140
car1,10.15,267.604,218.534,139
car1,10.2,267.591,218.597,137
car1,10.25,267.578,218.658,135
car1,10.3,267.566,218.716,134
car1,10.35,267.554,218.771,132
car1,10.4,267.545,218.814,131
car1,10.45,267.533,218.871,130
car1,10.5,267.519,218.937,128
car1,10.55,267.505,219.002,126
car1,10.6,267.49,219.07,124
car1,10.65,267.477,219.134,123
car1,10.7,267.462,219.203,121
car1,10.75,267.448,219.267,119
car1,10.8,267.436,219.328,117
car1,10.85,267.423,219.389,116
car1,10.95,267.397,219.511,113
car1,11,267.383,219.576,111
car1,11.05,267.371,219.633,109
car1,11.1,267.359,219.687,108
car1,11.15,267.35,219.732,107
car1,11.2,267.341,219.773,106
car1,11.25,267.325,219.848,104
car1,11.3,267.312,219.91,102
car1,11.35,267.299,219.971,100
car1,11.4,267.287,220.026,99
car1,11.45,267.271,220.101,97
car1,11.5,267.257,220.166,95
car1,11.55,267.245,220.225,94
car1,11.6,267.233,220.28,92
car1,11.6,267.233,220.28,92
car1,11.65,267.625,230.766,141
car1,11.6,267.233,220.28,92
car1,11.65,267.625,230.766,141
car1,11.65,267.223,220.329,91
car1,11.65,267.625,230.766,141
car1,11.7,267.215,220.363,90
car1,11.7,267.613,230.705,140
car1,11.7,267.215,220.363,90
car1,11.7,267.613,230.705,140
car1,11.75,267.2,220.434,88
car1,11.75,267.602,230.653,138
car1,11.75,267.2,220.434,88
car1,11.75,267.602,230.653,138
car1,11.8,267.187,220.495,86
car1,11.8,267.589,230.592,137
car1,11.8,267.187,220.495,86
car1,11.85,267.578,230.542,135
car1,11.8,267.187,220.495,86
car1,11.85,267.578,230.542,135
car1,11.85,267.176,220.55,85
car1,11.9,267.567,230.49,134
car1,11.85,267.176,220.55,85
car1,11.9,267.567,230.49,134
car1,11.9,267.164,220.604,83
car1,11.9,267.567,230.49,134
car1,11.95,267.152,220.663,82
car1,11.95,267.556,230.44,133
car1,11.95,267.152,220.663,82
car1,11.95,267.556,230.44,133
car1,12,267.139,220.721,80
car1,12,267.545,230.386,131
car1,12,267.139,220.721,80
car1,12,267.545,230.386,131
car1,12.05,267.129,220.769,79
car1,12.05,267.534,230.334,130
car1,12.05,267.129,220.769,79
car1,12.1,267.522,230.28,128
car1,12.05,267.129,220.769,79
car1,12.1,267.522,230.28,128
car1,12.1,267.119,220.816,78
car1,12.1,267.522,230.28,128
car1,12.15,267.105,220.883,76
car1,12.15,267.512,230.23,127
car1,12.15,267.105,220.883,76
car1,12.15,267.512,230.23,127
car1,12.2,267.092,220.945,74
car1,12.2,267.501,230.179,126
car1,12.2,267.092,220.945,74
car1,12.2,267.501,230.179,126
car1,12.25,267.079,221.003,73
car1,12.25,267.49,230.13,124
car1,12.25,267.079,221.003,73
car1,12.25,267.49,230.13,124
car1,12.3,267.068,221.057,71
car1,12.3,267.479,230.077,123
car1,12.3,267.068,221.057,71
car1,12.35,267.468,230.024,122
car1,12.3,267.068,221.057,71
car1,12.35,267.468,230.024,122
car1,12.35,267.054,221.124,70
car1,12.35,267.468,230.024,122
car1,12.4,267.041,221.182,68
car1,12.4,267.456,229.966,120
car1,12.4,267.041,221.182,68
car1,12.45,267.444,229.911,118
car1,12.4,267.041,221.182,68
car1,12.45,267.444,229.911,118
car1,12.45,267.033,221.223,67
car1,12.5,267.43,229.848,117
car1,12.45,267.033,221.223,67
car1,12.5,267.43,229.848,117
car1,12.5,267.021,221.28,65
car1,12.55,267.417,229.786,115
car1,12.5,267.021,221.28,65
car1,12.55,267.417,229.786,115
car1,12.55,267.004,221.356,63
car1,12.55,267.417,229.786,115
car1,12.6,266.99,221.426,61
car1,12.6,267.406,229.734,114
car1,12.6,266.99,221.426,61
car1,12.65,267.396,229.685,112
car1,12.6,266.99,221.426,61
car1,12.65,267.396,229.685,112
car1,12.65,266.977,221.484,60
car1,12.65,267.396,229.685,112
car1,12.7,266.967,221.532,59
car1,12.7,267.384,229.629,111
car1,12.7,266.967,221.532,59
car1,12.75,267.371,229.57,109
car1,12.7,266.967,221.532,59
car1,12.75,267.371,229.57,109
car1,12.75,266.974,221.499,60
car1,12.75,267.371,229.57,109
car1,12.8,266.941,221.655,55
car1,12.8,267.361,229.519,108
car1,12.8,266.941,221.655,55
car1,12.85,267.348,229.462,107
car1,12.8,266.941,221.655,55
car1,12.85,267.348,229.462,107
car1,12.85,266.927,221.721,54
car1,12.9,267.336,229.405,105
car1,12.85,266.927,221.721,54
car1,12.9,267.336,229.405,105
car1,12.9,266.917,221.769,52
car1,12.9,267.336,229.405,105
car1,12.95,266.912,221.792,52
car1,12.95,267.325,229.353,104
car1,12.95,266.912,221.792,52
car1,13,267.312,229.29,102
car1,12.95,266.912,221.792,52
car1,13,267.312,229.29,102
car1,13,268.296,222.516,62
car1,13,267.312,229.29,102
car1,13.05,268.252,222.555,61
car1,13.05,267.299,229.23,100
car1,13.05,268.252,222.555,61
car1,13.05,267.299,229.23,100
car1,13.1,268.231,222.573,60
car1,13.1,267.286,229.168,99
car1,13.1,268.231,222.573,60
car1,13.1,267.286,229.168,99
car1,13.15,268.151,222.643,57
car1,13.15,267.267,229.079,96
car1,13.15,268.151,222.643,57
car1,13.15,267.267,229.079,96
car1,13.2,268.083,222.702,55
car1,13.2,267.251,229.004,94
car1,13.2,268.083,222.702,55
car1,13.25,267.239,228.947,93
car1,13.2,268.083,222.702,55
car1,13.25,267.239,228.947,93
car1,13.25,268.037,222.742,53
car1,13.25,267.239,228.947,93
car1,13.3,267.975,222.795,51
car1,13.3,267.227,228.889,91
car1,13.3,267.975,222.795,51
car1,13.3,267.227,228.889,91
car1,13.35,267.9,222.861,48
car1,13.35,267.214,228.83,90
car1,13.35,267.9,222.861,48
car1,13.4,267.201,228.769,88
car1,13.35,267.9,222.861,48
car1,13.4,267.201,228.769,88
car1,13.4,267.851,222.903,47
car1,13.4,267.201,228.769,88
car1,13.45,267.818,222.932,46
car1,13.45,267.189,228.714,87
car1,13.45,267.818,222.932,46
car1,13.5,267.177,228.657,85
car1,13.45,267.818,222.932,46
car1,13.5,267.177,228.657,85
car1,13.5,267.781,222.964,44
car1,13.55,267.166,228.606,84
car1,13.5,267.781,222.964,44
car1,13.55,267.166,228.606,84
car1,13.55,267.742,222.998,43
car1,13.55,267.166,228.606,84
car1,13.6,267.706,223.029,42
car1,13.6,267.157,228.561,82
car1,13.6,267.706,223.029,42
car1,13.6,267.157,228.561,82
car1,13.65,267.668,223.063,40
car1,13.65,267.148,228.522,81
car1,13.65,267.668,223.063,40
car1,13.7,267.141,228.485,80
car1,13.65,267.668,223.063,40
car1,13.7,267.141,228.485,80
car1,13.7,267.633,223.093,39
car1,13.7,267.141,228.485,80
car1,13.75,267.6,223.122,38
car1,13.75,267.129,228.428,79
car1,13.75,267.6,223.122,38
car1,13.8,267.117,228.373,77
car1,13.75,267.6,223.122,38
car1,13.8,267.117,228.373,77
car1,13.8,267.563,223.154,37
car1,13.8,267.117,228.373,77
car1,13.85,267.535,223.178,36
car1,13.85,267.106,228.321,76
car1,13.85,267.535,223.178,36
car1,13.9,267.096,228.273,75
car1,13.85,267.535,223.178,36
car1,13.9,267.096,228.273,75
car1,13.9,267.501,223.207,35
car1,13.95,267.085,228.221,73
car1,13.9,267.501,223.207,35
car1,13.95,267.085,228.221,73
car1,13.95,267.474,223.231,34
car1,14,267.072,228.164,72
car1,13.95,267.474,223.231,34
car1,14,267.072,228.164,72
car1,14,267.452,223.25,33
car1,14.05,267.06,228.106,70
car1,14,267.452,223.25,33
car1,14.05,267.06,228.106,70
car1,14.05,267.425,223.273,32
car1,14.05,267.06,228.106,70
car1,14.1,267.399,223.296,31
car1,14.1,267.048,228.05,69
car1,14.1,267.399,223.296,31
car1,14.15,267.036,227.992,67
car1,14.1,267.399,223.296,31
car1,14.15,267.036,227.992,67
car1,14.15,267.375,223.316,30
car1,14.15,267.036,227.992,67
car1,14.2,267.376,223.316,30
car1,14.2,267.023,227.933,66
car1,14.2,267.376,223.316,30
car1,14.25,267.008,227.859,64
car1,14.2,267.376,223.316,30
car1,14.3,266.995,227.798,62
car1,14.2,267.376,223.316,30
car1,14.35,266.979,227.724,60
car1,14.2,267.376,223.316,30
car1,14.4,266.965,227.658,58
car1,14.45,266.952,227.598,57
car1,14.45,266.952,227.598,57
car1,14.5,266.938,227.534,55
car1,14.5,266.938,227.534,55
car1,14.5,267.616,224.269,29
car1,14.55,266.927,227.48,54
car1,14.5,267.616,224.269,29
car1,14.55,266.927,227.48,54
car1,14.55,267.594,224.272,29
car1,14.55,266.927,227.48,54
car1,14.6,267.573,224.275,28
car1,14.6,266.915,227.422,52
car1,14.6,267.573,224.275,28
car1,14.6,266.915,227.422,52
car1,14.65,267.561,224.277,28
car1,14.65,266.905,227.376,51
car1,14.65,267.561,224.277,28
car1,14.65,266.905,227.376,51
car1,14.7,267.55,224.278,28
car1,14.7,266.896,227.335,50
car1,14.7,267.55,224.278,28
car1,14.7,266.896,227.335,50
car1,14.75,267.541,224.28,27
car1,14.75,266.889,227.301,49
car1,14.75,267.541,224.28,27
car1,14.75,267.541,224.28,27
car1,14.85,267.534,224.281,27
car1,14.85,266.873,227.227,47
car1,14.85,267.534,224.281,27
car1,14.9,266.862,227.176,46
car1,14.85,267.534,224.281,27
car1,14.9,266.862,227.176,46
car1,14.9,266.862,227.176,46
car1,14.95,267.538,224.28,27
car1,14.95,266.852,227.128,44
car1,14.95,267.538,224.28,27
car1,15,266.842,227.081,43
car1,14.95,267.538,224.28,27
car1,15,266.842,227.081,43
car1,15,267.568,224.924,28
car1,15,266.842,227.081,43
car1,15,267.568,224.924,28
car1,15.05,266.829,227.02,41
car1,15,267.568,224.924,28
car1,15.05,266.829,227.02,41
car1,15.05,267.533,224.919,27
car1,15.05,266.829,227.02,41
car1,15.1,267.531,224.919,27
car1,15.1,266.817,226.964,40
car1,15.1,267.531,224.919,27
car1,15.15,266.804,226.902,38
car1,15.1,267.531,224.919,27
car1,15.15,266.804,226.902,38
car1,15.15,267.533,224.919,27
car1,15.15,266.804,226.902,38
car1,15.2,267.541,224.92,27
car1,15.2,266.793,226.847,37
car1,15.2,267.541,224.92,27
car1,15.2,266.793,226.847,37
car1,15.25,267.55,224.922,28
car1,15.25,266.783,226.8,35
car1,15.25,267.55,224.922,28
car1,15.25,266.783,226.8,35
car1,15.3,267.561,224.923,28
car1,15.3,266.769,226.736,34
car1,15.3,267.561,224.923,28
car1,15.35,266.758,226.684,32
car1,15.3,267.561,224.923,28
car1,15.35,266.758,226.684,32
car1,15.35,267.576,224.925,28
car1,15.4,266.748,226.637,31
car1,15.35,267.576,224.925,28
car1,15.4,266.748,226.637,31
car1,15.4,267.594,224.928,29
car1,15.4,266.748,226.637,31
car1,15.45,267.617,224.931,29
car1,15.45,266.737,226.584,30
car1,15.45,267.617,224.931,29
car1,15.5,266.724,226.526,28
car1,15.45,267.617,224.931,29
car1,15.5,266.724,226.526,28
car1,15.5,267.64,224.934,30
car1,15.5,266.724,226.526,28
car1,15.55,267.705,224.944,32
car1,15.55,266.715,226.481,27
car1,15.55,267.705,224.944,32
car1,15.55,266.715,226.481,27
car1,15.6,267.863,224.966,36
car1,15.6,266.707,226.445,26
car1,15.6,267.863,224.966,36
car1,15.65,266.703,226.425,25
car1,15.6,267.863,224.966,36
car1,15.85,267.342,225.854,29
car1,15.9,267.302,225.82,28
car1,15.95,267.273,225.794,27
car1,16,267.183,225.716,24
car1,16.05,267.128,225.668,22
car1,16.1,267.092,225.637,20
car1,16.15,267.055,225.605,19
car1,16.2,267.022,225.576,18
car1,16.25,266.984,225.543,17
car1,16.3,266.953,225.516,16
car1,16.35,266.922,225.489,15
car1,16.4,266.895,225.466,14
car1,16.45,266.868,225.443,13
car1,16.5,266.85,225.427,12
car1,16.55,266.862,225.437,13
car1,16.6,267.884,226.326,48
car1,16.65,267.919,226.356,49
car1,16.65,267.919,226.356,49
car1,16.7,267.951,226.383,50
car1,16.75,267.99,226.418,52
car1,16.75,267.99,226.418,52
car1,16.8,268.039,226.46,53
car1,16.8,268.039,226.46,53
car1,16.8,268.039,226.46,53
car1,16.85,268.076,226.492,55
car1,16.9,268.121,226.532,56
car1,16.9,268.121,226.532,56
car1,16.9,268.121,226.532,56
car1,16.95,268.172,226.576,58
car1,17,268.237,226.633,60
car1,17,268.237,226.633,60
car1,17,268.237,226.633,60
car1,17.05,268.471,226.835,68
car1,17.05,268.471,226.835,68
car1,17.05,268.471,226.835,68
car1,17.15,267.112,224.34,16
car1,17.1,267.014,224.846,14
car1,17.1,267.014,224.846,14
car1,17.1,267.014,224.846,14
car1,17.3,266.97,227.682,59
car1,17.25,266.906,224.369,11
car1,17.3,266.97,227.682,59
car1,17.3,266.907,224.369,11
car1,17.3,266.97,227.682,59
car1,17.35,266.913,224.368,11
car1,17.35,266.981,227.733,60
car1,17.35,266.913,224.368,11
car1,17.4,266.995,227.799,62
car1,17.35,266.913,224.368,11
car1,17.4,266.995,227.799,62
car1,17.4,266.925,224.366,11
car1,17.4,266.995,227.799,62
car1,17.45,266.951,224.363,12
car1,17.45,267.01,227.872,64
car1,17.45,266.951,224.363,12
car1,17.5,267.027,227.952,66
car1,17.45,266.951,224.363,12
car1,17.5,267.027,227.952,66
car1,17.5,267.035,224.351,14
car1,17.55,267.034,227.981,67
car1,17.5,267.035,224.351,14
car1,17.55,267.034,227.981,67
car1,17.55,267.163,224.333,17
car1,17.6,267.043,228.027,68
car1,17.55,267.163,224.333,17
car1,17.65,267.054,228.078,70
car1,17.55,267.163,224.333,17
car1,17.7,267.063,228.12,71
car1,17.7,267.063,228.12,71
car1,17.7,267.063,228.12,71
car1,17.75,266.843,223.779,12
car1,17.75,267.073,228.169,72
car1,17.75,266.843,223.779,12
car1,17.75,267.073,228.169,72
car1,17.8,266.862,223.763,13
car1,17.8,267.085,228.225,74
car1,17.8,266.862,223.763,13
car1,17.85,267.097,228.281,75
car1,17.8,266.862,223.763,13
car1,17.85,267.097,228.281,75
car1,17.85,266.886,223.742,13
car1,17.85,267.097,228.281,75
car1,17.95,267.125,228.412,78
car1,17.95,267.125,228.412,78
car1,17.95,266.945,223.691,15
car1,17.95,267.125,228.412,78
car1,18,266.977,223.663,16
car1,18,267.137,228.467,80
car1,18,266.977,223.663,16
car1,18.05,267.148,228.52,81
car1,18,266.977,223.663,16
car1,18.05,267.148,228.52,81
car1,18.05,267.009,223.635,18
car1,18.1,267.161,228.58,83
car1,18.05,267.009,223.635,18
car1,18.1,267.161,228.58,83
car1,18.1,267.04,223.608,19
car1,18.15,267.173,228.636,84
car1,18.1,267.04,223.608,19
car1,18.15,267.173,228.636,84
car1,18.15,267.081,223.572,20
car1,18.15,267.173,228.636,84
car1,18.2,267.138,223.522,22
car1,18.2,267.186,228.699,86
car1,18.2,267.138,223.522,22
car1,18.2,267.186,228.699,86
car1,18.25,267.212,223.459,25
car1,18.25,267.201,228.77,88
car1,18.25,267.212,223.459,25
car1,18.25,267.201,228.77,88
car1,18.3,267.248,223.427,26
car1,18.3,267.212,228.819,89
car1,18.3,267.248,223.427,26
car1,18.3,267.212,228.819,89
car1,18.35,267.286,223.395,27
car1,18.35,267.223,228.873,91
car1,18.35,267.286,223.395,27
car1,18.4,267.237,228.936,92
car1,18.35,267.286,223.395,27
car1,18.4,267.237,228.936,92
car1,18.4,267.353,223.336,29
car1,18.45,267.25,229,94
car1,18.4,267.353,223.336,29
car1,18.45,267.25,229,94
car1,18.4,267.353,223.336,29
car1,18.5,267.261,229.052,96
car1,18.4,267.353,223.336,29
car1,18.5,267.261,229.052,96
car1,18.4,267.353,223.336,29
car1,18.55,267.273,229.107,97
car1,18.4,267.353,223.336,29
car1,18.55,267.273,229.107,97
car1,18.6,266.693,222.823,24
car1,18.6,267.284,229.157,98
car1,18.6,266.693,222.823,24
car1,18.6,267.284,229.157,98
car1,18.65,266.703,222.775,25
car1,18.65,267.296,229.215,100
car1,18.65,266.703,222.775,25
car1,18.7,267.309,229.275,102
car1,18.65,266.703,222.775,25
car1,18.7,267.309,229.275,102
car1,18.7,266.714,222.723,27
car1,18.7,267.309,229.275,102
car1,18.75,266.724,222.674,28
car1,18.75,267.323,229.344,103
car1,18.75,266.724,222.674,28
car1,18.8,267.339,229.417,105
car1,18.75,266.724,222.674,28
car1,18.8,267.339,229.417,105
car1,18.8,266.736,222.617,30
car1,18.8,267.339,229.417,105
car1,18.85,266.748,222.561,31
car1,18.85,267.352,229.48,107
car1,18.85,266.748,222.561,31
car1,18.85,266.748,222.561,31
car1,18.9,266.758,222.515,32
car1,18.95,266.77,222.458,34
car1,18.95,267.373,229.578,110
car1,18.95,266.77,222.458,34
car1,18.95,267.373,229.578,110
car1,19,266.782,222.404,35
car1,19,267.382,229.622,111
car1,19,266.782,222.404,35
car1,19,267.382,229.622,111
car1,19.05,266.793,222.352,37
car1,19.05,267.393,229.672,112
car1,19.05,266.793,222.352,37
car1,19.05,267.393,229.672,112
car1,19.1,266.804,222.3,38
car1,19.1,267.405,229.727,114
car1,19.1,266.804,222.3,38
car1,19.1,267.405,229.727,114
car1,19.15,266.816,222.242,40
car1,19.15,267.415,229.777,115
car1,19.15,266.816,222.242,40
car1,19.2,267.426,229.829,116
car1,19.15,266.816,222.242,40
car1,19.2,267.426,229.829,116
car1,19.2,266.829,222.181,41
car1,19.2,267.426,229.829,116
car1,19.25,266.842,222.119,43
car1,19.25,267.439,229.889,118
car1,19.25,266.842,222.119,43
car1,19.3,267.452,229.948,119
car1,19.25,266.842,222.119,43
car1,19.3,267.452,229.948,119
car1,19.3,266.852,222.072,44
car1,19.35,267.466,230.015,121
car1,19.3,266.852,222.072,44
car1,19.35,267.466,230.015,121
car1,19.35,266.862,222.024,46
car1,19.4,267.48,230.08,123
car1,19.35,266.862,222.024,46
car1,19.4,267.48,230.08,123
car1,19.4,266.874,221.97,47
car1,19.45,267.493,230.142,125
car1,19.4,266.874,221.97,47
car1,19.45,267.493,230.142,125
car1,19.45,266.885,221.916,48
car1,19.5,267.507,230.206,126
car1,19.45,266.885,221.916,48
car1,19.5,267.507,230.206,126
car1,19.5,266.898,221.856,50
car1,19.55,267.523,230.282,128
car1,19.5,266.898,221.856,50
car1,19.55,267.523,230.282,128
car1,19.55,266.908,221.811,51
car1,19.55,267.523,230.282,128
car1,19.6,266.916,221.77,52
car1,19.6,267.539,230.358,130
car1,19.6,266.916,221.77,52
car1,19.6,267.539,230.358,130
car1,19.65,266.926,221.726,53
car1,19.65,267.552,230.419,132
car1,19.65,266.926,221.726,53
car1,19.65,267.552,230.419,132
car1,19.7,266.937,221.673,55
car1,19.7,267.565,230.479,134
car1,19.7,266.937,221.673,55
car1,19.7,267.565,230.479,134
car1,19.75,266.948,221.622,56
car1,19.75,267.577,230.538,135
car1,19.75,266.948,221.622,56
car1,19.8,267.587,230.586,137
car1,19.75,266.948,221.622,56
car1,19.8,267.587,230.586,137
car1,19.8,266.959,221.568,58
car1,19.85,267.599,230.641,138
car1,19.8,266.959,221.568,58
car1,19.85,267.599,230.641,138
car1,19.85,266.973,221.506,59
car1,19.9,267.612,230.701,140
car1,19.85,266.973,221.506,59
car1,19.9,267.612,230.701,140
car1,19.9,266.984,221.451,61
car1,19.9,267.612,230.701,140
car1,19.95,266.994,221.404,62
car1,19.95,267.624,230.758,141
car1,19.95,266.994,221.404,62
car1,20,267.635,230.812,143
car1,19.95,266.994,221.404,62
car1,20,267.635,230.812,143
car1,20,267.005,221.355,63
car1,20,267.635,230.812,143
car1,20.05,267.015,221.308,65
car1,20,267.635,230.812,143
car1,20.1,267.027,221.248,66
car1,20,267.635,230.812,143
car1,20.15,267.04,221.191,68
car1,20.2,267.053,221.127,69
car1,20.25,267.065,221.071,71
car1,20.3,267.078,221.008,73
car1,20.35,267.092,220.944,74
car1,20.4,267.105,220.881,76
car1,20.45,267.12,220.811,78
car1,20.55,267.143,220.704,81
car1,20.6,267.155,220.649,82
car1,20.65,267.168,220.585,84
car1,20.7,267.182,220.523,86
car1,20.75,267.194,220.466,87
car1,20.8,267.205,220.411,89
car1,20.85,267.217,220.357,90
car1,20.9,267.227,220.309,91
car1,20.95,267.238,220.259,93
car1,21,267.248,220.208,94
car1,21.05,267.261,220.148,96
car1,21.1,267.272,220.095,97
car1,21.15,267.284,220.039,98
car1,21.2,267.296,219.985,100
car1,21.25,267.308,219.929,101
car1,21.3,267.32,219.873,103
car1,21.35,267.333,219.81,105
car1,21.4,267.347,219.745,106
car1,21.45,267.361,219.681,108
car1,21.5,267.373,219.621,110
car1,21.55,267.383,219.573,111
car1,21.6,267.394,219.522,112
car1,21.65,267.405,219.47,114
car1,21.7,267.416,219.419,115
car1,21.75,267.428,219.365,116
car1,21.8,267.438,219.317,118
car1,21.85,267.449,219.263,119
car1,21.9,267.461,219.21,121
car1,21.95,267.472,219.157,122
car1,22,267.482,219.108,123
car1,22.05,267.493,219.058,125
car1,22.1,267.505,219.001,126
car1,22.15,267.517,218.946,128
car1,22.2,267.53,218.884,129
car1,22.25,267.541,218.83,131
car1,22.3,267.553,218.774,132
car1,22.35,267.566,218.714,134
car1,22.4,267.578,218.659,135
car1,22.45,267.59,218.603,137
car1,22.5,267.603,218.542,138
car1,22.55,267.615,218.483,140
car1,22.6,267.627,218.429,141
car1,22.65,267.64,218.367,143
car1,40.9,267.629,218.417,142
car1,40.95,267.617,218.475,140
car1,41,267.605,218.532,139
car1,41,267.605,218.532,139
car1,41.05,267.624,230.758,141
car1,41,267.605,218.532,139
car1,41.05,267.624,230.758,141
car1,41.05,267.591,218.595,137
car1,41.1,267.609,230.688,139
car1,41.05,267.591,218.595,137
car1,41.1,267.609,230.688,139
car1,41.1,267.579,218.653,135
car1,41.15,267.595,230.623,137
car1,41.1,267.579,218.653,135
car1,41.15,267.595,230.623,137
car1,41.15,267.568,218.705,134
car1,41.15,267.595,230.623,137
car1,41.2,267.556,218.76,133
car1,41.2,267.58,230.551,136
car1,41.2,267.556,218.76,133
car1,41.2,267.58,230.551,136
car1,41.25,267.546,218.81,131
car1,41.25,267.566,230.487,134
car1,41.25,267.546,218.81,131
car1,41.3,267.553,230.426,132
car1,41.25,267.546,218.81,131
car1,41.3,267.553,230.426,132
car1,41.3,267.534,218.866,130
car1,41.3,267.553,230.426,132
car1,41.35,267.52,218.93,128
car1,41.35,267.539,230.357,130
car1,41.35,267.52,218.93,128
car1,41.35,267.539,230.357,130
car1,41.4,267.504,219.006,126
car1,41.4,267.525,230.293,129
car1,41.4,267.504,219.006,126
car1,41.4,267.525,230.293,129
car1,41.45,267.488,219.081,124
car1,41.45,267.512,230.233,127
car1,41.45,267.488,219.081,124
car1,41.5,267.499,230.171,125
car1,41.45,267.488,219.081,124
car1,41.5,267.499,230.171,125
car1,41.5,267.472,219.154,122
car1,41.5,267.499,230.171,125
car1,41.55,267.46,219.212,121
car1,41.55,267.484,230.1,124
car1,41.55,267.46,219.212,121
car1,41.55,267.484,230.1,124
car1,41.6,267.446,219.279,119
car1,41.6,267.471,230.037,122
car1,41.6,267.446,219.279,119
car1,41.65,267.455,229.965,120
car1,41.6,267.446,219.279,119
car1,41.65,267.455,229.965,120
car1,41.65,267.432,219.346,117
car1,41.65,267.455,229.965,120
car1,41.7,267.42,219.403,115
car1,41.7,267.442,229.903,118
car1,41.7,267.42,219.403,115
car1,41.7,267.442,229.903,118
car1,41.75,267.408,219.457,114
car1,41.75,267.428,229.837,117
car1,41.75,267.408,219.457,114
car1,41.75,267.428,229.837,117
car1,41.8,267.394,219.525,112
car1,41.8,267.414,229.77,115
car1,41.8,267.394,219.525,112
car1,41.85,267.401,229.708,113
car1,41.8,267.394,219.525,112
car1,41.85,267.401,229.708,113
car1,41.85,267.379,219.593,110
car1,41.85,267.401,229.708,113
car1,41.9,267.368,219.646,109
car1,41.9,267.387,229.642,111
car1,41.9,267.368,219.646,109
car1,41.9,267.387,229.642,111
car1,41.95,267.356,219.703,107
car1,41.95,267.373,229.577,110
car1,41.95,267.356,219.703,107
car1,41.95,267.373,229.577,110
car1,42,267.346,219.748,106
car1,42,267.36,229.518,108
car1,42,267.346,219.748,106
car1,42.05,267.348,229.459,106
car1,42,267.346,219.748,106
car1,42.05,267.348,229.459,106
car1,42.05,267.336,219.798,105
car1,42.1,267.336,229.402,105
car1,42.05,267.336,219.798,105
car1,42.1,267.336,229.402,105
car1,42.1,267.321,219.865,103
car1,42.15,267.322,229.339,103
car1,42.1,267.321,219.865,103
car1,42.15,267.322,229.339,103
car1,42.15,267.306,219.938,101
car1,42.15,267.322,229.339,103
car1,42.2,267.292,220.001,99
car1,42.2,267.308,229.271,101
car1,42.2,267.292,220.001,99
car1,42.2,267.308,229.271,101
car1,42.25,267.279,220.065,98
car1,42.25,267.293,229.203,100
car1,42.25,267.279,220.065,98
car1,42.25,267.293,229.203,100
car1,42.3,267.262,220.143,96
car1,42.3,267.276,229.119,97
car1,42.3,267.262,220.143,96
car1,42.3,267.276,229.119,97
car1,42.35,267.248,220.21,94
car1,42.35,267.259,229.04,95
car1,42.35,267.248,220.21,94
car1,42.35,267.259,229.04,95
car1,42.4,267.235,220.269,92
car1,42.4,267.242,228.964,93
car1,42.4,267.235,220.269,92
car1,42.45,267.229,228.899,91
car1,42.4,267.235,220.269,92
car1,42.45,267.229,228.899,91
car1,42.45,267.224,220.322,91
car1,42.45,267.229,228.899,91
car1,42.5,267.216,220.359,90
car1,42.5,267.214,228.831,90
car1,42.5,267.216,220.359,90
car1,42.5,267.214,228.831,90
car1,42.55,267.203,220.423,88
car1,42.55,267.2,228.764,88
car1,42.55,267.203,220.423,88
car1,42.55,267.2,228.764,88
car1,42.6,267.19,220.484,87
car1,42.6,267.187,228.701,86
car1,42.6,267.19,220.484,87
car1,42.6,267.19,220.484,87
car1,42.65,267.177,220.546,85
car1,42.7,267.163,220.61,83
car1,42.7,267.161,228.578,83
car1,42.7,267.163,220.61,83
car1,42.75,267.151,228.532,82
car1,42.7,267.163,220.61,83
car1,42.75,267.151,228.532,82
car1,42.75,267.152,220.662,82
car1,42.8,267.144,228.499,81
car1,42.75,267.152,220.662,82
car1,42.8,267.144,228.499,81
car1,42.8,267.138,220.725,80
car1,42.85,267.13,228.433,79
car1,42.8,267.138,220.725,80
car1,42.85,267.13,228.433,79
car1,42.85,267.128,220.776,79
car1,42.85,267.13,228.433,79
car1,42.9,267.118,220.823,78
car1,42.9,267.115,228.366,77
car1,42.9,267.118,220.823,78
car1,42.95,267.101,228.299,75
car1,42.9,267.118,220.823,78
car1,42.95,267.101,228.299,75
car1,42.95,267.106,220.879,76
car1,43,267.087,228.23,74
car1,42.95,267.106,220.879,76
car1,43,267.087,228.23,74
car1,43,267.094,220.935,75
car1,43,267.087,228.23,74
car1,43.05,267.082,220.99,73
car1,43.05,267.072,228.163,72
car1,43.05,267.082,220.99,73
car1,43.1,267.059,228.103,70
car1,43.05,267.082,220.99,73
car1,43.1,267.059,228.103,70
car1,43.1,267.072,221.037,72
car1,43.1,267.059,228.103,70
car1,43.15,267.059,221.098,70
car1,43.15,267.047,228.043,69
car1,43.15,267.059,221.098,70
car1,43.15,267.047,228.043,69
car1,43.2,267.045,221.163,68
car1,43.2,267.032,227.974,67
car1,43.2,267.045,221.163,68
car1,43.2,267.032,227.974,67
car1,43.25,267.034,221.215,67
car1,43.25,267.013,227.884,64
car1,43.25,267.034,221.215,67
car1,43.3,266.994,227.797,62
car1,43.25,267.034,221.215,67
car1,43.3,266.994,227.797,62
car1,43.3,267.025,221.259,66
car1,43.3,266.994,227.797,62
car1,43.35,267.011,221.325,64
car1,43.35,266.977,227.714,60
car1,43.35,267.011,221.325,64
car1,43.35,266.977,227.714,60
car1,43.4,266.994,221.407,62
car1,43.4,266.961,227.641,58
car1,43.4,266.994,221.407,62
car1,43.45,266.945,227.562,56
car1,43.4,266.994,221.407,62
car1,43.45,266.945,227.562,56
car1,43.45,266.98,221.469,60
car1,43.45,266.945,227.562,56
car1,43.5,266.969,221.523,59
car1,43.5,266.929,227.488,54
car1,43.5,266.969,221.523,59
car1,43.55,266.914,227.419,52
car1,43.5,266.969,221.523,59
car1,43.55,266.914,227.419,52
car1,43.55,266.962,221.554,58
car1,43.6,266.903,227.367,51
car1,43.55,266.962,221.554,58
car1,43.6,266.903,227.367,51
car1,43.6,266.943,221.643,56
car1,43.6,266.903,227.367,51
car1,43.65,266.928,221.716,54
car1,43.65,266.891,227.312,49
car1,43.65,266.928,221.716,54
car1,43.7,266.886,227.286,48
car1,43.65,266.928,221.716,54
car1,43.7,266.886,227.286,48
car1,43.7,266.917,221.767,52
car1,43.7,266.886,227.286,48
car1,43.75,266.912,221.789,52
car1,43.75,266.873,227.224,47
car1,43.75,266.912,221.789,52
car1,43.75,266.873,227.224,47
car1,43.8,268.288,222.523,62
car1,43.8,266.859,227.158,45
car1,43.8,268.288,222.523,62
car1,43.8,266.859,227.158,45
car1,43.85,268.246,222.56,60
car1,43.85,266.845,227.094,43
car1,43.85,268.246,222.56,60
car1,43.85,266.845,227.094,43
car1,43.9,268.234,222.571,60
car1,43.9,266.832,227.033,42
car1,43.9,268.234,222.571,60
car1,43.9,266.832,227.033,42
car1,43.95,268.136,222.655,57
car1,43.95,266.815,226.955,40
car1,43.95,268.136,222.655,57
car1,44,266.803,226.896,38
car1,43.95,268.136,222.655,57
car1,44,266.803,226.896,38
car1,44,268.08,222.704,55
car1,44,266.803,226.896,38
car1,44.05,268.041,222.738,53
car1,44.05,266.789,226.83,36
car1,44.05,268.041,222.738,53
car1,44.05,266.789,226.83,36
car1,44.1,267.993,222.78,52
car1,44.1,266.777,226.772,35
car1,44.1,267.993,222.78,52
car1,44.1,266.777,226.772,35
car1,44.15,267.894,222.866,48
car1,44.15,266.761,226.698,33
car1,44.15,267.894,222.866,48
car1,44.15,266.761,226.698,33
car1,44.2,267.846,222.907,47
car1,44.2,266.747,226.634,31
car1,44.2,267.846,222.907,47
car1,44.2,266.747,226.634,31
car1,44.25,267.812,222.937,45
car1,44.25,266.734,226.572,29
car1,44.25,267.812,222.937,45
car1,44.25,266.734,226.572,29
car1,44.3,267.769,222.975,44
car1,44.3,266.722,226.516,28
car1,44.3,267.769,222.975,44
car1,44.3,266.722,226.516,28
car1,44.4,267.689,223.044,41
car1,44.4,266.703,226.427,26
car1,44.4,267.689,223.044,41
car1,44.4,266.703,226.427,26
car1,44.45,267.659,223.07,40
car1,44.4,266.703,226.427,26
car1,44.5,267.621,223.103,39
car1,44.4,266.703,226.427,26
car1,44.5,267.621,223.103,39
car1,44.4,266.703,226.427,26
car1,44.55,267.591,223.129,38
car1,44.55,267.391,225.897,31
car1,44.6,267.554,223.161,36
car1,44.6,267.328,225.842,29
car1,44.6,267.554,223.161,36
car1,44.65,267.287,225.807,27
car1,44.6,267.554,223.161,36
car1,44.65,267.287,225.807,27
car1,44.65,267.526,223.186,35
car1,44.7,267.211,225.741,25
car1,44.65,267.526,223.186,35
car1,44.7,267.211,225.741,25
car1,44.7,267.497,223.211,34
car1,44.75,267.145,225.683,22
car1,44.7,267.497,223.211,34
car1,44.75,267.145,225.683,22
car1,44.75,267.465,223.238,33
car1,44.75,267.145,225.683,22
car1,44.8,267.437,223.263,32
car1,44.8,267.091,225.636,20
car1,44.8,267.437,223.263,32
car1,44.8,267.091,225.636,20
car1,44.85,267.413,223.284,32
car1,44.85,267.051,225.601,19
car1,44.85,267.413,223.284,32
car1,44.9,267.012,225.568,18
car1,44.85,267.413,223.284,32
car1,44.9,267.012,225.568,18
car1,44.9,267.388,223.305,31
car1,44.95,266.971,225.532,16
car1,44.9,267.388,223.305,31
car1,44.95,266.971,225.532,16
car1,44.95,267.372,223.32,30
car1,45,266.934,225.5,15
car1,44.95,267.372,223.32,30
car1,45,266.934,225.5,15
car1,45,267.43,223.269,32
car1,45.05,266.898,225.468,14
car1,45,267.43,223.269,32
car1,45.1,266.872,225.446,13
car1,45,267.43,223.269,32
car1,45.15,266.852,225.428,12
car1,45,267.43,223.269,32
car1,45.2,266.908,225.477,14
car1,45.2,266.908,225.477,14
car1,45.2,266.908,225.477,14
car1,45.25,267.639,224.266,30
car1,45.2,266.908,225.477,14
car1,45.3,267.597,224.272,29
car1,45.2,266.908,225.477,14
car1,45.35,267.578,224.274,28
car1,45.2,266.908,225.477,14
car1,45.35,267.578,224.274,28
car1,45.4,266.963,224.839,12
car1,45.4,266.963,224.839,12
car1,45.4,266.963,224.839,12
car1,45.45,266.932,224.835,11
car1,45.45,266.932,224.835,11
car1,45.5,266.915,224.832,11
car1,45.55,266.906,224.831,11
car1,45.55,266.906,224.831,11
car1,45.55,267.536,224.28,27
car1,45.6,267.532,224.281,27
car1,45.65,266.963,224.839,12
car1,45.65,266.963,224.839,12
car1,45.65,266.963,224.839,12
car1,45.75,267.578,224.926,28
car1,45.75,267.578,224.926,28
car1,45.8,267.533,224.919,27
car1,45.8,267.533,224.919,27
car1,45.8,267.533,224.919,27
car1,45.85,267.53,224.919,27
car1,45.85,267.53,224.919,27
car1,45.9,267.531,224.919,27
car1,45.9,267.531,224.919,27
car1,45.95,267.536,224.92,27
car1,46,267.547,224.921,28
car1,46,267.547,224.921,28
car1,46,267.547,224.921,28
car1,46.05,267.561,224.923,28
car1,46.1,267.575,224.925,28
car1,46.15,267.593,224.928,29
car1,46.15,267.593,224.928,29
car1,46.2,267.617,224.931,29
car1,46.2,267.617,224.931,29
car1,46.25,266.85,223.773,12
car1,46.25,267.638,224.934,30
car1,46.25,266.85,223.773,12
car1,46.3,267.706,224.944,32
car1,46.25,266.85,223.773,12
car1,46.3,267.706,224.944,32
car1,46.3,266.876,223.751,13
car1,46.35,267.868,224.966,36
car1,46.3,266.876,223.751,13
car1,46.35,267.868,224.966,36
car1,46.35,266.908,223.723,14
car1,46.35,267.868,224.966,36
car1,46.4,266.944,223.692,15
car1,46.35,267.868,224.966,36
car1,46.45,266.977,223.663,16
car1,46.55,267.062,223.589,19
car1,46.55,267.062,223.589,19
car1,46.6,267.111,223.546,21
car1,46.6,267.402,225.906,31
car1,46.6,267.111,223.546,21
car1,46.6,267.402,225.906,31
car1,46.65,267.181,223.486,24
car1,46.65,267.428,225.929,32
car1,46.65,267.181,223.486,24
car1,46.65,267.428,225.929,32
car1,46.7,267.24,223.435,26
car1,46.7,267.458,225.956,33
car1,46.7,267.24,223.435,26
car1,46.7,267.458,225.956,33
car1,46.75,267.286,223.394,27
car1,46.75,267.481,225.975,34
car1,46.75,267.286,223.394,27
car1,46.75,267.481,225.975,34
car1,46.8,267.369,223.322,30
car1,46.8,267.509,226,35
car1,46.8,267.369,223.322,30
car1,46.85,267.543,226.029,36
car1,46.8,267.369,223.322,30
car1,46.85,267.543,226.029,36
car1,46.8,267.369,223.322,30
car1,46.9,267.575,226.057,37
car1,46.8,267.369,223.322,30
car1,46.9,267.575,226.057,37
car1,46.8,267.369,223.322,30
car1,46.95,267.609,226.086,38
car1,46.8,267.369,223.322,30
car1,47,267.652,226.124,40
car1,46.95,266.691,222.83,24
car1,47,267.652,226.124,40
car1,47,266.701,222.783,25
car1,47,267.652,226.124,40
car1,47.05,266.714,222.722,27
car1,47.05,267.683,226.151,41
car1,47.05,266.714,222.722,27
car1,47.05,267.683,226.151,41
car1,47.1,266.725,222.669,28
car1,47.1,267.723,226.186,42
car1,47.1,266.725,222.669,28
car1,47.1,267.723,226.186,42
car1,47.15,267.751,226.21,43
car1,47.15,267.751,226.21,43
car1,47.2,266.753,222.541,32
car1,47.2,267.772,226.229,44
car1,47.2,266.753,222.541,32
car1,47.25,267.813,226.264,45
car1,47.2,266.753,222.541,32
car1,47.25,267.813,226.264,45
car1,47.25,266.764,222.486,33
car1,47.3,267.858,226.303,47
car1,47.25,266.764,222.486,33
car1,47.3,267.858,226.303,47
car1,47.3,266.778,222.422,35
car1,47.35,267.897,226.337,48
car1,47.3,266.778,222.422,35
car1,47.35,267.897,226.337,48
car1,47.35,266.79,222.364,36
car1,47.35,267.897,226.337,48
car1,47.4,266.801,222.311,38
car1,47.4,267.93,226.366,49
car1,47.4,266.801,222.311,38
car1,47.4,267.93,226.366,49
car1,47.45,266.815,222.246,40
car1,47.45,267.972,226.402,51
car1,47.45,266.815,222.246,40
car1,47.45,267.972,226.402,51
car1,47.5,266.828,222.188,41
car1,47.5,268.015,226.44,52
car1,47.5,266.828,222.188,41
car1,47.55,268.057,226.476,54
car1,47.5,266.828,222.188,41
car1,47.55,268.057,226.476,54
car1,47.55,266.842,222.119,43
car1,47.55,268.057,226.476,54
car1,47.6,266.856,222.056,45
car1,47.6,268.099,226.513,55
car1,47.6,266.856,222.056,45
car1,47.65,268.15,226.557,57
car1,47.6,266.856,222.056,45
car1,47.65,268.15,226.557,57
car1,47.65,266.868,221.999,46
car1,47.7,268.205,226.605,59
car1,47.65,266.868,221.999,46
car1,47.7,268.205,226.605,59
car1,47.7,266.882,221.932,48
car1,47.7,268.205,226.605,59
car1,47.75,266.894,221.874,50
car1,47.75,268.289,226.678,62
car1,47.75,266.894,221.874,50
car1,47.75,268.289,226.678,62
car1,47.8,266.907,221.815,51
car1,47.75,268.289,226.678,62
car1,47.85,266.919,221.76,53
car1,47.9,266.93,221.706,54
car1,47.95,266.942,221.648,56
car1,48,266.954,221.591,57
car1,48,266.954,221.591,57
car1,48.05,266.969,221.521,59
car1,48.05,266.978,227.718,60
car1,48.05,266.969,221.521,59
car1,48.1,266.991,227.779,62
car1,48.05,266.969,221.521,59
car1,48.1,266.991,227.779,62
car1,48.1,266.983,221.459,61
car1,48.1,266.991,227.779,62
car1,48.15,266.994,221.407,62
car1,48.15,267.006,227.854,64
car1,48.15,266.994,221.407,62
car1,48.15,267.006,227.854,64
car1,48.2,267.006,221.349,64
car1,48.2,267.027,227.95,66
car1,48.2,267.006,221.349,64
car1,48.2,267.027,227.95,66
car1,48.25,267.018,221.291,65
car1,48.25,267.032,227.976,67
car1,48.25,267.018,221.291,65
car1,48.3,267.041,228.016,68
car1,48.25,267.018,221.291,65
car1,48.3,267.041,228.016,68
car1,48.3,267.031,221.231,67
car1,48.35,267.052,228.069,69
car1,48.3,267.031,221.231,67
car1,48.35,267.052,228.069,69
car1,48.35,267.046,221.16,69
car1,48.4,267.062,228.113,71
car1,48.35,267.046,221.16,69
car1,48.4,267.062,228.113,71
car1,48.4,267.061,221.089,70
car1,48.4,267.062,228.113,71
car1,48.45,267.075,221.024,72
car1,48.45,267.072,228.163,72
car1,48.45,267.075,221.024,72
car1,48.5,267.084,228.217,73
car1,48.45,267.075,221.024,72
car1,48.5,267.084,228.217,73
car1,48.5,267.092,220.945,74
car1,48.5,267.084,228.217,73
car1,48.55,267.109,220.863,76
car1,48.55,267.096,228.273,75
car1,48.55,267.109,220.863,76
car1,48.6,267.11,228.339,77
car1,48.55,267.109,220.863,76
car1,48.6,267.11,228.339,77
car1,48.6,267.124,220.793,78
car1,48.6,267.11,228.339,77
car1,48.65,267.136,220.735,80
car1,48.65,267.125,228.412,78
car1,48.65,267.136,220.735,80
car1,48.65,267.125,228.412,78
car1,48.7,267.151,220.666,82
car1,48.7,267.137,228.466,80
car1,48.7,267.151,220.666,82
car1,48.75,267.149,228.523,81
car1,48.7,267.151,220.666,82
car1,48.75,267.149,228.523,81
car1,48.75,267.164,220.604,83
car1,48.8,267.161,228.58,83
car1,48.75,267.164,220.604,83
car1,48.8,267.161,228.58,83
car1,48.8,267.179,220.536,85
car1,48.8,267.161,228.58,83
car1,48.85,267.194,220.463,87
car1,48.85,267.175,228.646,85
car1,48.85,267.194,220.463,87
car1,48.85,267.175,228.646,85
car1,48.9,267.208,220.398,89
car1,48.9,267.189,228.712,87
car1,48.9,267.208,220.398,89
car1,48.9,267.189,228.712,87
car1,48.95,267.221,220.335,91
car1,48.95,267.204,228.783,88
car1,48.95,267.221,220.335,91
car1,48.95,267.204,228.783,88
car1,49,267.235,220.272,92
car1,49,267.215,228.837,90
car1,49,267.235,220.272,92
car1,49,267.215,228.837,90
car1,49.05,267.248,220.209,94
car1,49.05,267.227,228.891,91
car1,49.05,267.248,220.209,94
car1,49.1,267.239,228.947,93
car1,49.05,267.248,220.209,94
car1,49.1,267.239,228.947,93
car1,49.1,267.26,220.152,95
car1,49.1,267.239,228.947,93
car1,49.15,267.273,220.09,97
car1,49.15,267.253,229.013,95
car1,49.15,267.273,220.09,97
car1,49.2,267.264,229.065,96
car1,49.15,267.273,220.09,97
car1,49.2,267.264,229.065,96
car1,49.2,267.287,220.028,99
car1,49.2,267.264,229.065,96
car1,49.25,267.301,219.962,101
car1,49.25,267.274,229.114,97
car1,49.25,267.301,219.962,101
car1,49.3,267.287,229.171,99
car1,49.25,267.301,219.962,101
car1,49.3,267.287,229.171,99
car1,49.3,267.316,219.89,102
car1,49.3,267.287,229.171,99
car1,49.35,267.329,219.829,104
car1,49.35,267.3,229.235,100
car1,49.35,267.329,219.829,104
car1,49.35,267.3,229.235,100
car1,49.4,267.345,219.754,106
car1,49.4,267.314,229.3,102
car1,49.4,267.345,219.754,106
car1,49.4,267.314,229.3,102
car1,49.45,267.36,219.683,108
car1,49.45,267.328,229.365,104
car1,49.45,267.36,219.683,108
car1,49.5,267.342,229.43,106
car1,49.45,267.36,219.683,108
car1,49.5,267.342,229.43,106
car1,49.5,267.375,219.612,110
car1,49.55,267.357,229.501,108
car1,49.5,267.375,219.612,110
car1,49.55,267.357,229.501,108
car1,49.55,267.387,219.558,111
car1,49.55,267.357,229.501,108
car1,49.6,267.398,219.503,113
car1,49.6,267.367,229.549,109
car1,49.6,267.398,219.503,113
car1,49.65,267.376,229.59,110
car1,49.6,267.398,219.503,113
car1,49.65,267.376,229.59,110
car1,49.65,267.41,219.447,114
car1,49.65,267.376,229.59,110
car1,49.7,267.422,219.391,116
car1,49.7,267.385,229.635,111
car1,49.7,267.422,219.391,116
car1,49.7,267.385,229.635,111
car1,49.75,267.434,219.334,117
car1,49.75,267.397,229.69,113
car1,49.75,267.434,219.334,117
car1,49.8,267.409,229.749,114
car1,49.75,267.434,219.334,117
car1,49.8,267.409,229.749,114
car1,49.8,267.448,219.269,119
car1,49.8,267.409,229.749,114
car1,49.85,267.461,219.208,121
car1,49.85,267.421,229.806,116
car1,49.85,267.461,219.208,121
car1,49.85,267.421,229.806,116
car1,49.9,267.474,219.145,122
car1,49.9,267.435,229.87,117
car1,49.9,267.474,219.145,122
car1,49.9,267.435,229.87,117
car1,49.95,267.488,219.082,124
car1,49.95,267.449,229.934,119
car1,49.95,267.488,219.082,124
car1,49.95,267.449,229.934,119
car1,50,267.502,219.014,126
car1,50,267.463,230.001,121
car1,50,267.502,219.014,126
car1,50,267.463,230.001,121
car1,50.05,267.517,218.944,128
car1,50.05,267.477,230.067,123
car1,50.05,267.517,218.944,128
car1,50.05,267.477,230.067,123
car1,50.1,267.531,218.879,129
car1,50.1,267.492,230.136,124
car1,50.1,267.531,218.879,129
car1,50.1,267.492,230.136,124
car1,50.15,267.545,218.811,131
car1,50.15,267.507,230.206,126
car1,50.15,267.545,218.811,131
car1,50.2,267.524,230.286,129
car1,50.15,267.545,218.811,131
car1,50.2,267.524,230.286,129
car1,50.2,267.559,218.746,133
car1,50.25,267.54,230.364,131
car1,50.2,267.559,218.746,133
car1,50.25,267.54,230.364,131
car1,50.25,267.573,218.681,135
car1,50.25,267.54,230.364,131
car1,50.3,267.586,218.62,136
car1,50.3,267.553,230.423,132
car1,50.3,267.586,218.62,136
car1,50.3,267.553,230.423,132
car1,50.35,267.6,218.552,138
car1,50.35,267.565,230.481,134
car1,50.35,267.6,218.552,138
car1,50.35,267.565,230.481,134
car1,50.4,267.615,218.482,140
car1,50.4,267.577,230.536,135
car1,50.4,267.615,218.482,140
car1,50.4,267.577,230.536,135
car1,50.45,267.629,218.419,142
car1,50.45,267.589,230.593,137
car1,50.45,267.629,218.419,142
car1,50.5,267.601,230.652,138
car1,50.45,267.629,218.419,142
car1,50.5,267.601,230.652,138
car1,50.5,267.643,218.352,144
car1,50.55,267.614,230.713,140
car1,50.5,267.643,218.352,144
car1,50.6,267.626,230.767,141
car1,50.5,267.643,218.352,144
car1,50.65,267.64,230.833,143
car1,50.5,267.643,218.352,144
