id,timestamp,x,y
person0,0.05,266.84,244.23
person1,0.05,272.571,211.48
person0,0.1,266.84,244.176
person1,0.1,272.511,211.48
person0,0.15,266.84,244.112
person1,0.15,272.447,211.48
person0,0.2,266.84,244.055
person1,0.2,272.378,211.48
person0,0.25,266.84,243.999
person1,0.25,272.311,211.48
person0,0.3,266.84,243.941
person1,0.3,272.251,211.481
person0,0.35,266.84,243.876
person1,0.35,272.191,211.481
person0,0.4,266.84,243.817
person1,0.4,272.127,211.481
person0,0.45,266.84,243.759
person1,0.45,272.06,211.481
person0,0.5,266.84,243.695
person1,0.5,272.003,211.481
person0,0.55,266.84,243.634
person1,0.55,271.942,211.481
person0,0.6,266.84,243.57
person1,0.6,271.879,211.481
person0,0.65,266.84,243.508
person1,0.65,271.843,211.481
person0,0.7,266.84,243.456
person1,0.7,271.785,211.484
person0,0.75,266.84,243.402
person1,0.75,271.72,211.488
person0,0.8,266.84,243.344
person1,0.8,271.654,211.492
person0,0.85,266.84,243.279
person1,0.85,271.588,211.497
person0,0.9,266.84,243.224
person1,0.9,271.52,211.501
person0,0.95,266.84,243.171
person1,0.95,271.451,211.505
person0,1,266.84,243.115
person1,1,271.385,211.509
person0,1.05,266.84,243.052
person1,1.05,271.317,211.513
person0,1.1,266.84,242.992
person1,1.1,271.26,211.517
person0,1.15,266.84,242.93
person1,1.15,271.193,211.521
person0,1.2,266.84,242.867
person1,1.2,271.131,211.525
person0,1.25,266.84,242.805
person1,1.25,271.073,211.528
person0,1.3,266.84,242.742
person1,1.3,271.012,211.532
person0,1.35,266.84,242.686
person1,1.35,270.95,211.536
person0,1.4,266.84,242.63
person1,1.4,270.893,211.539
person0,1.45,266.84,242.577
person1,1.45,270.828,211.544
person0,1.5,266.84,242.518
person1,1.5,270.766,211.547
person0,1.55,266.84,242.455
person1,1.55,270.709,211.551
person0,1.6,266.84,242.393
person1,1.6,270.648,211.555
person0,1.65,266.84,242.33
person1,1.65,270.578,211.559
person0,1.7,266.84,242.268
person1,1.7,270.516,211.563
person0,1.75,266.84,242.215
person1,1.75,270.447,211.567
person0,1.8,266.84,242.152
person1,1.8,270.391,211.571
person0,1.85,266.84,242.091
person1,1.85,270.326,211.575
person0,1.9,266.84,242.027
person1,1.9,270.264,211.578
person0,1.95,266.84,241.965
person1,1.95,270.196,211.583
person0,2,266.84,241.9
person1,2,270.127,211.587
person0,2.05,266.84,241.845
person1,2.05,270.062,211.591
person0,2.1,266.84,241.783
person1,2.1,269.995,211.595
person0,2.15,266.84,241.727
person1,2.15,269.931,211.599
person0,2.2,266.84,241.67
person1,2.2,269.866,211.603
person0,2.25,266.84,241.611
person1,2.25,269.808,211.607
person0,2.3,266.84,241.554
person1,2.3,269.744,211.611
person0,2.35,266.84,241.494
person1,2.35,269.687,211.614
person0,2.4,266.84,241.429
person1,2.4,269.621,211.618
person0,2.45,266.84,241.365
person1,2.45,269.564,211.622
person0,2.5,266.84,241.308
person1,2.5,269.507,211.625
person0,2.55,266.84,241.249
person1,2.55,269.443,211.629
person0,2.6,266.84,241.193
person1,2.6,269.379,211.633
person0,2.65,266.84,241.14
person1,2.65,269.317,211.637
person0,2.7,266.84,241.087
person1,2.7,269.251,211.641
person0,2.75,266.84,241.028
person1,2.75,269.186,211.645
person0,2.8,266.84,240.972
person1,2.8,269.117,211.649
person0,2.85,266.84,240.912
person1,2.85,269.056,211.653
person0,2.9,266.84,240.858
person1,2.9,268.99,211.657
person0,2.95,266.84,240.802
person1,2.95,268.922,211.661
person0,3,266.84,240.746
person1,3,268.854,211.666
person0,3.05,266.84,240.692
person1,3.05,268.789,211.67
person0,3.1,266.84,240.633
person1,3.1,268.72,211.674
person0,3.15,266.84,240.573
person1,3.15,268.659,211.678
person0,3.2,266.84,240.521
person1,3.2,268.601,211.681
person0,3.25,266.84,240.458
person1,3.25,268.544,211.685
person0,3.3,266.84,240.397
person1,3.3,268.483,211.688
person0,3.35,266.84,240.338
person1,3.35,268.421,211.692
person0,3.4,266.84,240.276
person1,3.4,268.356,211.696
person0,3.45,266.84,240.22
person1,3.45,268.295,211.7
person0,3.5,266.84,240.162
person1,3.5,268.226,211.704
person0,3.55,266.84,240.108
person1,3.55,268.165,211.708
person0,3.6,266.84,240.054
person1,3.6,268.108,211.712
person0,3.65,266.84,239.996
person1,3.65,268.038,211.716
person0,3.7,266.84,239.944
person1,3.7,267.981,211.719
person0,3.75,266.84,239.885
person1,3.75,267.923,211.723
person0,3.8,266.84,239.822
person1,3.8,267.858,211.727
person0,3.85,266.84,239.767
person1,3.85,267.795,211.731
person0,3.9,266.84,239.706
person1,3.9,267.725,211.735
person0,3.95,266.84,239.65
person1,3.95,267.668,211.739
person0,4,266.84,239.585
person1,4,267.604,211.743
person0,4.05,266.84,239.532
person1,4.05,267.54,211.747
person0,4.1,266.84,239.468
person1,4.1,267.482,211.75
person0,4.15,266.84,239.414
person1,4.15,267.417,211.754
person0,4.2,266.84,239.362
person1,4.2,267.354,211.758
person0,4.25,266.84,239.309
person1,4.25,267.295,211.762
person0,4.3,266.84,239.25
person1,4.3,267.237,211.765
person0,4.35,266.84,239.189
person1,4.35,267.58,211.347
person0,4.4,266.84,239.126
person1,4.4,267.58,211.411
person0,4.45,266.84,239.065
person1,4.45,267.58,211.471
person0,4.5,266.84,239.005
person1,4.5,267.58,211.536
person0,4.55,266.84,238.951
person1,4.55,267.58,211.604
person0,4.6,266.84,238.893
person1,4.6,267.58,211.672
person0,4.65,266.84,238.838
person1,4.65,267.58,211.741
person0,4.7,266.84,238.774
person1,4.7,267.58,211.808
person0,4.75,266.84,238.712
person1,4.75,267.58,211.875
person0,4.8,266.84,238.659
person1,4.8,267.58,211.941
person0,4.85,266.84,238.597
person1,4.85,267.58,211.999
person0,4.9,266.84,238.538
person1,4.9,267.58,212.066
person0,4.95,266.84,238.476
person1,4.95,267.58,212.123
person0,5,266.84,238.414
person1,5,267.58,212.181
person0,5.05,266.84,238.356
person1,5.05,267.58,212.24
person0,5.1,266.84,238.296
person1,5.1,267.58,212.309
person0,5.15,266.84,238.239
person1,5.15,267.58,212.378
person0,5.2,266.84,238.183
person1,5.2,267.58,212.438
person0,5.25,266.84,238.127
person1,5.25,267.58,212.507
person0,5.3,266.84,238.068
person1,5.3,267.58,212.577
person0,5.35,266.84,238.01
person1,5.35,267.58,212.646
person0,5.4,266.84,237.951
person1,5.4,267.58,212.705
person0,5.45,266.84,237.895
person1,5.45,267.58,212.766
person0,5.5,266.84,237.833
person1,5.5,267.58,212.823
person0,5.55,266.84,237.773
person1,5.55,267.58,212.891
person0,5.6,266.84,237.715
person1,5.6,267.58,212.961
person0,5.65,266.84,237.657
person1,5.65,267.58,213.028
person0,5.7,266.84,237.599
person1,5.7,267.58,213.085
person0,5.75,266.84,237.546
person1,5.75,267.58,213.152
person0,5.8,266.84,237.492
person1,5.8,267.58,213.219
person0,5.85,266.84,237.43
person1,5.85,267.58,213.284
person0,5.9,266.84,237.368
person1,5.9,267.58,213.348
person0,5.95,266.84,237.307
person1,5.95,267.58,213.408
person0,6,266.84,237.253
person1,6,267.58,213.474
person0,6.05,266.84,237.2
person1,6.05,267.58,213.539
person0,6.1,266.84,237.135
person1,6.1,267.58,213.606
person0,6.15,266.84,237.077
person1,6.15,267.58,213.675
person0,6.2,266.84,237.012
person1,6.2,267.58,213.745
person0,6.25,266.84,236.959
person1,6.25,267.58,213.812
person0,6.3,266.84,236.899
person1,6.3,267.58,213.879
person0,6.35,266.84,236.834
person1,6.35,267.58,213.938
person0,6.4,266.84,236.776
person1,6.4,267.58,214
person0,6.45,266.84,236.717
person1,6.45,267.58,214.063
person0,6.5,266.84,236.662
person1,6.5,267.58,214.122
person0,6.55,266.84,236.603
person1,6.55,267.58,214.187
person0,6.6,266.84,236.542
person1,6.6,267.58,214.245
person0,6.65,266.84,236.481
person1,6.65,267.58,214.313
person0,6.7,266.84,236.418
person1,6.7,267.58,214.378
person0,6.75,266.84,236.362
person1,6.75,267.58,214.445
person0,6.8,266.84,236.31
person1,6.8,267.58,214.503
person0,6.85,266.84,236.253
person1,6.85,267.58,214.572
person0,6.9,266.84,236.2
person1,6.9,267.58,214.632
person0,6.95,266.84,236.135
person1,6.95,267.58,214.697
person0,7,266.84,236.082
person1,7,267.58,214.756
person0,7.05,266.84,236.026
person1,7.05,267.58,214.815
person0,7.1,266.84,235.962
person1,7.1,267.58,214.877
person0,7.15,266.84,235.902
person1,7.15,267.58,214.942
person0,7.2,266.84,235.84
person1,7.2,267.58,215.005
person0,7.25,266.84,235.786
person1,7.25,267.58,215.066
person0,7.3,266.84,235.733
person1,7.3,267.58,215.133
person0,7.35,266.84,235.679
person1,7.35,267.58,215.196
person0,7.4,266.84,235.619
person1,7.4,267.58,215.262
person0,7.45,266.84,235.566
person1,7.45,267.58,215.318
person0,7.5,266.84,235.51
person1,7.5,267.58,215.38
person0,7.55,266.84,235.449
person1,7.55,267.58,215.437
person0,7.6,266.84,235.396
person1,7.6,267.58,215.496
person0,7.65,266.84,235.338
person1,7.65,267.58,215.566
person0,7.7,266.84,235.279
person1,7.7,267.58,215.623
person0,7.75,266.84,235.225
person1,7.75,267.556,215.812
person0,7.8,266.84,235.161
person1,7.8,267.539,215.868
person0,7.85,266.84,235.101
person1,7.85,267.519,215.935
person0,7.9,266.84,235.049
person1,7.9,267.502,215.99
person0,7.95,266.84,234.985
person1,7.95,267.482,216.057
person0,8,266.84,234.921
person1,8,267.463,216.121
person0,8.05,266.84,234.856
person1,8.05,267.48,216.059
person0,8.1,266.84,234.8
person1,8.1,267.48,216.119
person0,8.15,266.84,234.747
person1,8.15,267.48,216.186
person0,8.2,266.84,234.692
person1,8.2,267.48,216.244
person0,8.25,266.84,234.634
person1,8.25,267.48,216.31
person0,8.3,266.84,234.578
person1,8.3,267.48,216.375
person0,8.35,266.84,234.523
person1,8.35,267.48,216.443
person0,8.4,266.84,234.462
person1,8.4,267.48,216.506
person0,8.45,266.84,234.398
person1,8.45,267.48,216.575
person0,8.5,266.84,234.334
person1,8.5,267.48,216.642
person0,8.55,266.84,234.28
person1,8.55,267.48,216.706
person0,8.6,266.84,234.227
person1,8.6,267.48,216.763
person0,8.65,266.84,234.162
person1,8.65,267.48,216.82
person0,8.7,266.84,234.104
person1,8.7,267.48,216.889
person0,8.75,266.84,234.046
person1,8.75,267.48,216.954
person0,8.8,266.84,233.992
person1,8.8,267.48,217.02
person0,8.85,266.84,233.932
person1,8.85,267.48,217.087
person0,8.9,266.84,233.87
person1,8.9,267.48,217.144
person0,8.95,266.84,233.818
person1,8.95,267.48,217.206
person0,9,266.84,233.764
person1,9,267.48,217.262
person0,9.05,266.84,233.707
person1,9.05,267.48,217.325
person0,9.1,266.84,233.65
person1,9.1,267.48,217.395
person0,9.15,266.84,233.592
person1,9.15,267.48,217.453
person0,9.2,266.84,233.536
person1,9.2,267.48,217.518
person0,9.25,266.84,233.482
person1,9.25,267.48,217.586
person0,9.3,266.84,233.424
person1,9.3,267.48,217.656
person0,9.35,266.84,233.361
person1,9.35,267.48,217.716
person0,9.4,266.84,233.306
person1,9.4,267.48,217.785
person0,9.45,266.84,233.243
person1,9.45,267.48,217.854
person0,9.5,266.84,233.19
person1,9.5,267.48,217.911
person0,9.55,266.84,233.134
person1,9.55,267.48,217.972
person0,9.6,266.84,233.078
person1,9.6,267.48,218.035
person0,9.65,266.84,233.016
person1,9.65,267.48,218.094
person0,9.7,266.84,232.961
person1,9.7,267.48,218.158
person0,9.75,266.84,232.902
person1,9.75,267.48,218.221
person0,9.8,266.84,232.844
person1,9.8,267.48,218.283
person0,9.85,266.84,232.78
person1,9.85,267.48,218.347
person0,9.9,266.84,232.723
person1,9.9,267.48,218.404
person0,9.95,266.84,232.658
person1,9.95,267.48,218.47
person0,10,266.84,232.595
person1,10,267.48,218.527
person0,10.05,266.84,232.542
person1,10.05,267.48,218.595
person0,10.1,266.84,232.485
person1,10.1,267.48,218.663
person0,10.15,266.84,232.421
person1,10.15,267.48,218.729
person0,10.2,266.84,232.366
person1,10.2,267.48,218.798
person0,10.25,266.84,232.312
person1,10.25,267.48,218.864
person0,10.3,266.84,232.25
person1,10.3,267.48,218.931
person0,10.35,266.84,232.197
person1,10.35,267.48,218.988
person0,10.4,266.84,232.144
person1,10.4,267.48,219.053
person0,10.45,266.84,232.088
person1,10.45,267.48,219.119
person0,10.5,266.84,232.035
person1,10.5,267.48,219.176
person0,10.55,266.84,231.979
person1,10.55,267.48,219.241
person0,10.6,266.84,231.925
person1,10.6,267.48,219.303
person0,10.65,266.84,231.873
person1,10.65,267.48,219.372
person0,10.7,266.84,231.81
person1,10.7,267.48,219.438
person0,10.75,266.84,231.755
person1,10.75,267.48,219.502
person0,10.8,266.84,231.703
person1,10.8,267.48,219.569
person0,10.85,266.84,231.64
person1,10.85,267.48,219.633
person0,10.9,266.84,231.583
person1,10.9,267.48,219.699
person0,10.95,266.84,231.524
person1,10.95,267.48,219.765
person0,11,266.84,231.469
person1,11,267.48,219.827
person0,11.05,266.84,231.411
person1,11.05,267.48,219.892
person0,11.1,266.84,231.357
person1,11.1,267.48,219.95
person0,11.15,266.84,231.296
person1,11.15,267.48,220.01
person0,11.2,266.84,231.238
person1,11.2,267.48,220.077
person0,11.25,266.84,231.173
person1,11.25,267.48,220.135
person0,11.3,266.84,231.115
person1,11.3,267.48,220.197
person0,11.35,266.84,231.055
person1,11.35,267.48,220.255
person0,11.4,266.84,230.994
person1,11.4,267.48,220.323
person0,11.45,266.84,230.936
person1,11.45,267.48,220.384
person0,11.5,266.84,230.876
person1,11.5,267.48,220.444
person0,11.55,266.84,230.812
person1,11.55,267.48,220.506
person0,11.6,266.84,230.756
person1,11.6,267.48,220.568
person0,11.65,266.84,230.694
person1,11.65,267.48,220.626
person0,11.7,266.84,230.64
person1,11.7,267.48,220.695
person0,11.75,266.84,230.576
person1,11.75,267.48,220.756
person0,11.8,266.84,230.523
person1,11.8,267.48,220.813
person0,11.85,266.84,230.469
person1,11.85,267.48,220.873
person0,11.9,266.84,230.416
person1,11.9,267.48,220.943
person0,11.95,266.84,230.359
person1,11.95,267.48,221.001
person0,12,266.84,230.304
person1,12,267.48,221.057
person0,12.05,266.84,230.246
person1,12.05,267.48,221.122
person0,12.1,266.84,230.193
person1,12.1,267.48,221.192
person0,12.15,266.84,230.137
person1,12.15,267.48,221.259
person0,12.2,266.84,230.085
person1,12.2,267.48,221.327
person0,12.25,266.84,230.03
person1,12.25,267.48,221.388
person0,12.3,266.84,229.977
person1,12.3,267.48,221.456
person0,12.35,266.84,229.918
person1,12.35,267.48,221.52
person0,12.4,266.84,229.862
person1,12.4,267.48,221.578
person0,12.45,266.84,229.797
person1,12.45,267.48,221.648
person0,12.5,266.84,229.734
person1,12.5,267.48,221.716
person0,12.55,266.84,229.678
person1,12.55,267.48,221.775
person0,12.6,266.84,229.626
person1,12.6,267.48,221.835
person0,12.65,266.84,229.567
person1,12.65,267.48,221.896
person0,12.7,266.84,229.503
person1,12.7,267.48,221.961
person0,12.75,266.84,229.447
person1,12.75,267.48,222.028
person0,12.8,266.84,229.384
person1,12.8,267.48,222.09
person0,12.85,266.84,229.319
person1,12.85,267.48,222.15
person0,12.9,266.84,229.26
person1,12.9,267.48,222.21
person0,12.95,266.84,229.2
person1,12.95,267.48,222.278
person0,13,266.84,229.14
person1,13,267.48,222.339
person0,13.05,266.84,229.079
person1,13.05,267.48,222.406
person0,13.1,266.84,229.023
person1,13.1,267.48,222.466
person0,13.15,266.84,228.96
person1,13.15,267.48,222.535
person0,13.2,266.84,228.907
person1,13.2,267.48,222.602
person0,13.25,266.84,228.851
person1,13.25,267.48,222.669
person0,13.3,266.84,228.792
person1,13.3,267.48,222.725
person0,13.35,266.84,228.73
person1,13.35,267.48,222.788
person0,13.4,266.84,228.672
person1,13.4,267.48,222.847
person0,13.45,266.84,228.609
person1,13.45,267.48,222.91
person0,13.5,266.84,228.552
person1,13.5,267.48,222.97
person0,13.55,266.84,228.498
person1,13.55,267.48,223.039
person0,13.6,266.84,228.438
person1,13.6,267.48,223.101
person0,13.65,266.84,228.377
person1,13.65,267.48,223.169
person0,13.7,266.84,228.318
person1,13.7,267.48,223.231
person0,13.75,266.84,228.261
person1,13.75,267.48,223.299
person0,13.8,266.84,228.206
person1,13.8,267.48,223.365
person0,13.85,266.84,228.153
person1,13.85,267.48,223.429
person0,13.9,266.84,228.097
person1,13.9,267.48,223.487
person0,13.95,266.84,228.039
person1,13.95,267.48,223.546
person0,14,266.84,227.98
person1,14,267.48,223.611
person0,14.05,266.84,227.921
person1,14.05,267.48,223.676
person0,14.1,266.84,227.861
person1,14.1,267.48,223.746
person0,14.15,266.84,227.805
person1,14.15,267.48,223.802
person0,14.2,266.84,227.748
person1,14.2,267.48,223.867
person0,14.25,266.84,227.695
person1,14.25,267.48,223.93
person0,14.3,266.84,227.63
person1,14.3,267.48,223.989
person0,14.35,266.84,227.572
person1,14.35,267.48,224.047
person0,14.4,266.84,227.517
person1,14.4,267.48,224.113
person0,14.45,266.84,227.455
person1,14.45,267.48,224.177
person0,14.5,266.84,227.401
person1,14.5,267.48,224.244
person0,14.55,266.84,227.339
person1,14.55,267.48,224.312
person0,14.6,266.84,227.286
person1,14.6,267.48,224.37
person0,14.65,266.84,227.233
person1,14.65,267.48,224.43
person0,14.7,266.84,227.181
person1,14.7,267.48,224.486
person0,14.75,266.84,227.127
person1,14.75,267.48,224.545
person0,14.8,266.84,227.069
person1,14.8,267.48,224.61
person0,14.85,266.84,227.017
person1,14.85,267.48,224.674
person0,14.9,266.84,226.964
person1,14.9,267.48,224.743
person0,14.95,266.84,226.91
person1,14.95,267.48,224.812
person0,15,266.84,226.845
person1,15,267.48,224.881
person0,15.05,266.84,226.793
person1,15.05,267.48,224.948
person0,15.1,266.84,226.729
person1,15.1,267.48,225.01
person0,15.15,266.84,226.668
person1,15.15,267.48,225.08
person0,15.2,266.84,226.612
person1,15.2,267.48,225.145
person0,15.25,266.84,226.55
person1,15.25,267.48,225.209
person0,15.3,266.84,226.495
person1,15.3,267.48,225.266
person0,15.35,266.84,226.441
person1,15.35,267.48,225.333
person0,15.4,266.84,226.384
person1,15.4,267.48,225.402
person0,15.45,266.84,226.322
person1,15.45,267.48,225.46
person0,15.5,266.84,226.265
person1,15.5,267.48,225.523
person0,15.55,266.84,226.211
person1,15.55,267.48,225.584
person0,15.6,266.84,226.156
person1,15.6,267.48,225.65
person0,15.65,266.84,226.096
person1,15.65,267.48,225.706
person0,15.7,266.84,226.042
person1,15.7,267.48,225.773
person0,15.75,266.84,225.987
person1,15.75,267.48,225.838
person0,15.8,266.84,225.924
person1,15.8,267.48,225.896
person0,15.85,266.84,225.868
person1,15.85,267.48,225.958
person0,15.9,266.84,225.815
person1,15.9,267.48,226.015
person0,15.95,266.84,225.752
person1,15.95,267.48,226.075
person0,16,266.84,225.692
person1,16,267.48,226.143
person0,16.05,266.84,225.64
person1,16.05,267.48,226.206
person0,16.1,266.84,225.579
person1,16.1,267.48,226.271
person0,16.15,266.84,225.523
person1,16.15,267.48,226.331
person0,16.2,266.84,225.46
person1,16.2,267.48,226.4
person0,16.25,266.84,225.405
person1,16.25,267.48,226.462
person0,16.3,266.84,225.345
person1,16.3,267.48,226.52
person0,16.35,266.84,225.286
person1,16.35,267.48,226.588
person0,16.4,266.84,225.222
person1,16.4,267.48,226.655
person0,16.45,266.84,225.162
person1,16.45,267.48,226.724
person0,16.5,266.84,225.11
person1,16.5,267.48,226.789
person0,16.55,266.84,225.052
person1,16.55,267.48,226.847
person0,16.6,266.84,224.988
person1,16.6,267.48,226.905
person0,16.65,266.84,224.934
person1,16.65,267.48,226.962
person0,16.7,266.84,224.874
person1,16.7,267.48,227.02
person0,16.75,266.84,224.818
person1,16.75,267.48,227.088
person0,16.8,266.84,224.763
person1,16.8,267.48,227.153
person0,16.85,266.84,224.708
person1,16.85,267.48,227.218
person0,16.9,266.84,224.644
person1,16.9,267.48,227.279
person0,16.95,266.84,224.581
person1,16.95,267.48,227.341
person0,17,266.84,224.522
person1,17,267.48,227.408
person0,17.05,266.84,224.458
person1,17.05,267.48,227.468
person0,17.1,266.84,224.396
person1,17.1,267.48,227.533
person0,17.15,266.84,224.336
person1,17.15,267.48,227.596
person0,17.2,266.84,224.273
person1,17.2,267.48,227.655
person0,17.25,266.84,224.22
person1,17.25,267.48,227.712
person0,17.3,266.84,224.163
person1,17.3,267.48,227.775
person0,17.35,266.84,224.104
person1,17.35,267.48,227.842
person0,17.4,266.84,224.043
person1,17.4,267.48,227.904
person0,17.45,266.84,223.983
person1,17.45,267.48,227.967
person0,17.5,266.84,223.927
person1,17.5,267.48,228.028
person0,17.55,266.84,223.869
person1,17.55,267.48,228.093
person0,17.6,266.84,223.817
person1,17.6,267.48,228.16
person0,17.65,266.84,223.752
person1,17.65,267.48,228.22
person0,17.7,266.84,223.693
person1,17.7,267.48,228.281
person0,17.75,266.84,223.636
person1,17.75,267.48,228.346
person0,17.8,266.84,223.573
person1,17.8,267.48,228.405
person0,17.85,266.84,223.514
person1,17.85,267.48,228.463
person0,17.9,266.84,223.45
person1,17.9,267.48,228.527
person0,17.95,266.84,223.39
person1,17.95,267.48,228.585
person0,18,266.84,223.332
person1,18,267.48,228.648
person0,18.05,266.84,223.279
person1,18.05,267.48,228.718
person0,18.1,266.84,223.22
person1,18.1,267.48,228.777
person0,18.15,266.84,223.157
person1,18.15,267.48,228.84
person0,18.2,266.84,223.104
person1,18.2,267.48,228.907
person0,18.25,266.84,223.04
person1,18.25,267.48,228.966
person0,18.3,266.84,222.988
person1,18.3,267.48,229.029
person0,18.35,266.84,222.927
person1,18.35,267.48,229.099
person0,18.4,266.84,222.865
person1,18.4,267.48,229.163
person0,18.45,266.84,222.806
person1,18.45,267.48,229.231
person0,18.5,266.84,222.748
person1,18.5,267.48,229.301
person0,18.55,266.84,222.695
person1,18.55,267.48,229.36
person0,18.6,266.84,222.634
person1,18.6,267.48,229.425
person0,18.65,266.84,222.577
person1,18.65,267.48,229.488
person0,18.7,266.84,222.518
person1,18.7,267.48,229.558
person0,18.75,266.84,222.456
person1,18.75,267.48,229.626
person0,18.8,266.84,222.395
person1,18.8,267.48,229.683
person0,18.85,266.84,222.341
person1,18.85,267.48,229.744
person0,18.9,266.84,222.278
person1,18.9,267.48,229.803
person0,18.95,266.84,222.224
person1,18.95,267.48,229.861
person0,19,266.84,222.164
person1,19,267.48,229.924
person0,19.05,266.84,222.106
person1,19.05,267.48,229.989
person0,19.1,266.84,222.044
person1,19.1,267.48,230.046
person0,19.15,266.84,221.98
person1,19.15,267.48,230.105
person0,19.2,266.84,221.917
person1,19.2,267.48,230.169
person0,19.25,266.84,221.861
person1,19.25,267.48,230.229
person0,19.3,266.84,221.808
person1,19.3,267.48,230.298
person0,19.35,266.84,221.752
person1,19.35,267.48,230.361
person0,19.4,266.84,221.693
person1,19.4,267.48,230.42
person0,19.45,266.84,221.632
person1,19.45,267.48,230.477
person0,19.5,266.84,221.577
person1,19.5,267.48,230.543
person0,19.55,266.84,221.522
person1,19.55,267.48,230.605
person0,19.6,266.84,221.467
person1,19.6,267.48,230.673
person0,19.65,266.84,221.404
person1,19.65,267.48,230.74
person0,19.7,266.84,221.347
person1,19.7,267.48,230.806
person0,19.75,266.84,221.287
person1,19.75,267.48,230.864
person0,19.8,266.84,221.223
person1,19.8,267.48,230.93
person0,19.85,266.84,221.159
person1,19.85,267.48,230.999
person0,19.9,266.84,221.104
person1,19.9,267.48,231.062
person0,19.95,266.84,221.048
person1,19.95,267.48,231.121
person0,20,266.84,220.996
person1,20,267.48,231.18
person0,20.05,266.84,220.931
person1,20.05,267.48,231.248
person0,20.1,266.84,220.871
person1,20.1,267.48,231.313
person0,20.15,266.84,220.806
person1,20.15,267.48,231.377
person0,20.2,266.84,220.75
person1,20.2,267.48,231.435
person0,20.25,266.84,220.691
person1,20.25,267.48,231.503
person0,20.3,266.84,220.632
person1,20.3,267.48,231.567
person0,20.35,266.84,220.575
person1,20.35,267.48,231.627
person0,20.4,266.84,220.511
person1,20.4,267.48,231.685
person0,20.45,266.84,220.449
person1,20.45,267.48,231.754
person0,20.5,266.84,220.397
person1,20.5,267.48,231.82
person0,20.55,266.84,220.339
person1,20.55,267.48,231.88
person0,20.6,266.84,220.274
person1,20.6,267.48,231.947
person0,20.65,266.84,220.211
person1,20.65,267.48,232.01
person0,20.7,266.84,220.154
person1,20.7,267.48,232.07
person0,20.75,266.84,220.1
person1,20.75,267.48,232.134
person0,20.8,266.84,220.047
person1,20.8,267.48,232.204
person0,20.85,266.84,219.991
person1,20.85,267.48,232.263
person0,20.9,266.84,219.933
person1,20.9,267.48,232.325
person0,20.95,266.84,219.877
person1,20.95,267.48,232.387
person0,21,266.84,219.812
person1,21,267.48,232.454
person0,21.05,266.84,219.756
person1,21.05,267.48,232.515
person0,21.1,266.84,219.696
person1,21.1,267.48,232.573
person0,21.15,266.84,219.64
person1,21.15,267.48,232.638
person0,21.2,266.84,219.583
person1,21.2,267.48,232.699
person0,21.25,266.84,219.528
person1,21.25,267.48,232.763
person0,21.3,266.84,219.465
person1,21.3,267.48,232.825
person0,21.35,266.84,219.403
person1,21.35,267.48,232.887
person0,21.4,266.84,219.341
person1,21.4,267.48,232.951
person0,21.45,266.84,219.282
person1,21.45,267.48,233.017
person0,21.5,266.84,219.225
person1,21.5,267.48,233.073
person0,21.55,266.84,219.165
person1,21.55,267.48,233.14
person0,21.6,266.84,219.104
person1,21.6,267.48,233.198
person0,21.65,266.84,219.047
person1,21.65,267.48,233.268
person0,21.7,266.84,218.985
person1,21.7,267.48,233.328
person0,21.75,266.84,218.932
person1,21.75,267.48,233.397
person0,21.8,266.84,218.873
person1,21.8,267.48,233.457
person0,21.85,266.84,218.815
person1,21.85,267.48,233.525
person0,21.9,266.84,218.759
person1,21.9,267.48,233.594
person0,21.95,266.84,218.706
person1,21.95,267.48,233.66
person0,22,266.84,218.653
person1,22,267.48,233.729
person0,22.05,266.84,218.593
person1,22.05,267.48,233.789
person0,22.1,266.84,218.536
person1,22.1,267.48,233.851
person0,22.15,266.84,218.472
person1,22.15,267.48,233.914
person0,22.2,266.84,218.417
person1,22.2,267.48,233.978
person0,22.25,266.84,218.359
person1,22.25,267.48,234.046
person0,22.3,266.84,218.299
person1,22.3,267.48,234.105
person0,22.35,266.84,218.244
person1,22.35,267.48,234.168
person0,22.4,266.84,218.187
person1,22.4,267.48,234.228
person0,22.45,266.84,218.128
person1,22.45,267.48,234.293
person0,22.5,266.84,218.069
person1,22.5,267.48,234.361
person0,22.55,266.84,218.015
person1,22.55,267.48,234.43
person0,22.6,266.84,217.955
person1,22.6,267.48,234.497
person0,22.65,266.84,217.896
person1,22.65,267.48,234.565
person0,22.7,266.84,217.831
person1,22.7,267.48,234.628
person0,22.75,266.84,217.773
person1,22.75,267.48,234.69
person0,22.8,266.84,217.72
person1,22.8,267.48,234.755
person0,22.85,266.84,217.66
person1,22.85,267.48,234.819
person0,22.9,266.84,217.605
person1,22.9,267.48,234.883
person0,22.95,266.84,217.544
person1,22.95,267.48,234.949
person0,23,266.84,217.487
person1,23,267.48,235.019
person0,23.05,266.84,217.434
person1,23.05,267.48,235.076
person0,23.1,266.84,217.381
person1,23.1,267.48,235.146
person0,23.15,266.84,217.319
person1,23.15,267.48,235.215
person0,23.2,266.84,217.255
person1,23.2,267.48,235.274
person0,23.25,266.84,217.191
person1,23.25,267.48,235.342
person0,23.3,266.84,217.13
person1,23.3,267.48,235.404
person0,23.35,266.84,217.066
person1,23.35,267.48,235.465
person0,23.4,266.84,217.011
person1,23.4,267.48,235.522
person0,23.45,266.84,216.951
person1,23.45,267.48,235.58
person0,23.5,266.84,216.893
person1,23.5,267.48,235.646
person0,23.55,266.84,216.833
person1,23.55,267.48,235.703
person0,23.6,266.84,216.779
person1,23.6,267.48,235.771
person0,23.65,266.84,216.719
person1,23.65,267.48,235.83
person0,23.7,266.84,216.657
person1,23.7,267.48,235.889
person0,23.75,266.84,216.603
person1,23.75,267.48,235.949
person0,23.8,266.84,216.54
person1,23.8,267.48,236.013
person0,23.85,266.84,216.485
person1,23.85,267.48,236.083
person0,23.9,266.84,216.432
person1,23.9,267.48,236.151
person0,23.95,266.84,216.375
person1,23.95,267.48,236.213
person0,24,266.84,216.315
person1,24,267.48,236.28
person0,24.05,266.84,216.257
person1,24.05,267.48,236.344
person0,24.1,266.84,216.197
person1,24.1,267.48,236.405
person0,24.15,266.84,216.142
person1,24.15,267.48,236.474
person0,24.2,266.84,216.083
person1,24.2,267.48,236.532
person0,24.25,266.84,216.019
person1,24.25,267.48,236.601
person0,24.3,266.859,215.907
person1,24.3,267.48,236.67
person0,24.35,266.875,215.853
person1,24.35,267.48,236.731
person0,24.4,266.891,215.801
person1,24.4,267.48,236.792
person0,24.45,266.91,215.739
person1,24.45,267.48,236.861
person0,24.5,266.925,215.688
person1,24.5,267.48,236.931
person0,24.55,266.944,215.626
person1,24.55,267.48,236.993
person0,24.6,266.94,215.635
person1,24.6,267.48,237.062
person0,24.65,266.94,215.579
person1,24.65,267.48,237.123
person0,24.7,266.94,215.524
person1,24.7,267.48,237.192
person0,24.75,266.94,215.461
person1,24.75,267.48,237.249
person0,24.8,266.94,215.406
person1,24.8,267.48,237.31
person0,24.85,266.94,215.345
person1,24.85,267.48,237.377
person0,24.9,266.94,215.288
person1,24.9,267.48,237.445
person0,24.95,266.94,215.228
person1,24.95,267.48,237.506
person0,25,266.94,215.165
person1,25,267.48,237.565
person0,25.05,266.94,215.102
person1,25.05,267.48,237.622
person0,25.1,266.94,215.041
person1,25.1,267.48,237.686
person0,25.15,266.94,214.985
person1,25.15,267.48,237.752
person0,25.2,266.94,214.932
person1,25.2,267.48,237.815
person0,25.25,266.94,214.871
person1,25.25,267.48,237.874
person0,25.3,266.94,214.808
person1,25.3,267.48,237.938
person0,25.35,266.94,214.746
person1,25.35,267.48,238.001
person0,25.4,266.94,214.683
person1,25.4,267.48,238.069
person0,25.45,266.94,214.622
person1,25.45,267.48,238.13
person0,25.5,266.94,214.567
person1,25.5,267.48,238.192
person0,25.55,266.94,214.514
person1,25.55,267.48,238.249
person0,25.6,266.94,214.46
person1,25.6,267.48,238.318
person0,25.65,266.94,214.402
person1,25.65,267.48,238.382
person0,25.7,266.94,214.344
person1,25.7,267.48,238.449
person0,25.75,266.94,214.285
person1,25.75,267.48,238.517
person0,25.8,266.94,214.225
person1,25.8,267.48,238.583
person0,25.85,266.94,214.168
person1,25.85,267.48,238.647
person0,25.9,266.94,214.116
person1,25.9,267.48,238.716
person0,25.95,266.94,214.054
person1,25.95,267.48,238.783
person0,26,266.94,214
person1,26,267.48,238.843
person0,26.05,266.94,213.944
person1,26.05,267.48,238.909
person0,26.1,266.94,213.879
person1,26.1,267.48,238.971
person0,26.15,266.94,213.824
person1,26.15,267.48,239.033
person0,26.2,266.94,213.768
person1,26.2,267.48,239.095
person0,26.25,266.94,213.712
person1,26.25,267.48,239.157
person0,26.3,266.94,213.653
person1,26.3,267.48,239.221
person0,26.35,266.94,213.597
person1,26.35,267.48,239.282
person0,26.4,266.94,213.543
person1,26.4,267.48,239.339
person0,26.45,266.94,213.479
person1,26.45,267.48,239.397
person0,26.5,266.94,213.421
person1,26.5,267.48,239.46
person0,26.55,266.94,213.365
person1,26.55,267.48,239.527
person0,26.6,266.94,213.305
person1,26.6,267.48,239.585
person0,26.65,266.94,213.247
person1,26.65,267.48,239.644
person0,26.7,266.94,213.189
person1,26.7,267.48,239.713
person0,26.75,266.94,213.134
person1,26.75,267.48,239.773
person0,26.8,266.94,213.082
person1,26.8,267.48,239.843
person0,26.85,266.94,213.028
person1,26.85,267.48,239.905
person0,26.9,266.94,212.963
person1,26.9,267.48,239.969
person0,26.95,266.94,212.899
person1,26.95,267.48,240.033
person0,27,266.94,212.839
person1,27,267.48,240.098
person0,27.05,266.94,212.781
person1,27.05,267.48,240.168
person0,27.1,266.94,212.729
person1,27.1,267.48,240.224
person0,27.15,266.94,212.67
person1,27.15,267.48,240.286
person0,27.2,266.94,212.616
person1,27.2,267.48,240.347
person0,27.25,266.94,212.555
person1,27.25,267.48,240.416
person0,27.3,266.94,212.495
person1,27.3,267.48,240.474
person0,27.35,266.94,212.433
person1,27.35,267.48,240.537
person0,27.4,266.94,212.375
person1,27.4,267.48,240.597
person0,27.45,266.94,212.315
person1,27.45,267.48,240.653
person0,27.5,266.94,212.263
person1,27.5,267.48,240.711
person0,27.55,266.94,212.21
person1,27.55,267.48,240.775
person0,27.6,266.94,212.145
person1,27.6,267.48,240.842
person0,27.65,266.94,212.091
person1,27.65,267.48,240.9
person0,27.7,266.94,212.036
person1,27.7,267.48,240.961
person0,27.75,266.94,211.982
person1,27.75,267.48,241.022
person0,27.8,266.94,211.918
person1,27.8,267.48,241.088
person0,27.85,266.94,211.865
person1,27.85,267.48,241.145
person0,27.9,266.94,211.809
person1,27.9,267.48,241.213
person0,27.95,266.94,211.746
person1,27.95,267.48,241.281
person0,28,266.94,211.689
person1,28,267.48,241.34
person0,28.05,266.94,211.625
person1,28.05,267.48,241.397
person0,28.1,266.94,211.563
person1,28.1,267.48,241.466
person0,28.15,266.94,211.504
person1,28.15,267.48,241.534
person0,28.2,266.94,211.452
person1,28.2,267.48,241.602
person0,28.25,266.94,211.399
person1,28.25,267.48,241.66
person0,28.3,266.94,211.34
person1,28.3,267.48,241.717
person0,28.35,267.199,211.127
person1,28.35,267.48,241.778
person0,28.4,267.254,211.123
person1,28.4,267.48,241.837
person0,28.45,267.317,211.119
person1,28.45,267.48,241.906
person0,28.5,267.372,211.116
person1,28.5,267.48,241.964
person0,28.55,267.433,211.112
person1,28.55,267.48,242.033
person0,28.6,267.496,211.108
person1,28.6,267.48,242.09
person0,28.65,267.549,211.105
person1,28.65,267.48,242.16
person0,28.7,267.605,211.101
person1,28.7,267.48,242.216
person0,28.75,267.657,211.098
person1,28.75,267.48,242.283
person0,28.8,267.714,211.095
person1,28.8,267.48,242.347
person0,28.85,267.773,211.091
person1,28.85,267.48,242.41
person0,28.9,267.834,211.087
person1,28.9,267.48,242.473
person0,28.95,267.887,211.084
person1,28.95,267.48,242.538
person0,29,267.944,211.081
person1,29,267.48,242.605
person0,29.05,268.005,211.077
person1,29.05,267.48,242.668
person0,29.1,268.058,211.073
person1,29.1,267.48,242.728
person0,29.15,268.121,211.07
person1,29.15,267.48,242.791
person0,29.2,268.179,211.066
person1,29.2,267.48,242.858
person0,29.25,268.235,211.063
person1,29.25,267.48,242.919
person0,29.3,268.299,211.059
person1,29.3,267.48,242.985
person0,29.35,268.359,211.055
person1,29.35,267.48,243.046
person0,29.4,268.422,211.051
person1,29.4,267.48,243.105
person0,29.45,268.475,211.048
person1,29.45,267.48,243.169
person0,29.5,268.533,211.044
person1,29.5,267.48,243.232
person0,29.55,268.594,211.04
person1,29.55,267.48,243.29
person0,29.6,268.657,211.036
person1,29.6,267.48,243.348
person0,29.65,268.712,211.033
person1,29.65,267.48,243.406
person0,29.7,268.768,211.03
person1,29.7,267.48,243.468
person0,29.75,268.823,211.026
person1,29.75,267.48,243.538
person0,29.8,268.886,211.022
person1,29.8,267.48,243.602
person0,29.85,268.94,211.019
person1,29.85,267.48,243.663
person0,29.9,268.993,211.016
person1,29.9,267.48,243.728
person0,29.95,269.058,211.012
person1,29.95,267.48,243.786
person0,30,269.12,211.008
person1,30,267.48,243.851
person0,30.05,269.18,211.004
person1,30.05,267.48,243.91
person0,30.1,269.238,211.001
person1,30.1,267.48,243.971
person0,30.15,269.301,210.997
person1,30.15,267.48,244.033
person0,30.2,269.365,210.993
person1,30.2,267.48,244.099
person0,30.25,269.428,210.989
person1,30.25,267.48,244.169
person0,30.3,269.488,210.985
person1,30.3,267.48,244.23
person0,30.35,269.543,210.982
person1,30.35,267.48,244.297
person0,30.4,269.6,210.978
person1,30.4,267.48,244.362
person0,30.45,269.66,210.974
person1,30.45,267.48,244.426
person0,30.5,269.72,210.971
person1,30.5,267.48,244.489
person0,30.55,269.783,210.967
person1,30.55,267.48,244.559
person0,30.6,269.838,210.963
person1,30.6,267.48,244.623
person0,30.65,269.9,210.96
person1,30.65,267.478,244.707
person0,30.7,269.952,210.956
person1,30.7,267.474,244.769
person0,30.75,270.01,210.953
person1,30.75,267.47,244.838
person0,30.8,270.066,210.949
person1,30.8,267.467,244.903
person0,30.85,270.123,210.946
person1,30.85,267.463,244.965
person0,30.9,270.178,210.942
person1,30.9,267.459,245.033
person0,30.95,270.237,210.939
person1,30.95,267.455,245.1
person0,31,270.29,210.936
person1,31,267.451,245.17
person0,31.05,270.349,210.932
person1,31.05,267.448,245.226
person2,31.05,266.84,244.23
person3,31.05,272.571,211.48
person0,31.1,270.405,210.928
person1,31.1,267.445,245.291
person2,31.1,266.84,244.158
person3,31.1,272.509,211.48
person0,31.15,270.462,210.925
person1,31.15,267.441,245.355
person2,31.15,266.84,244.085
person3,31.15,272.442,211.48
person0,31.2,270.518,210.921
person1,31.2,267.437,245.417
person2,31.2,266.84,244.023
person3,31.2,272.384,211.48
person0,31.25,270.576,210.918
person1,31.25,267.434,245.474
person2,31.25,266.84,243.96
person3,31.25,272.326,211.48
person0,31.3,270.639,210.914
person1,31.3,267.431,245.517
person2,31.3,266.84,243.896
person3,31.3,272.267,211.481
person0,31.35,270.699,210.91
person1,31.35,267.431,245.585
person2,31.35,266.84,243.821
person3,31.35,272.202,211.481
person0,31.4,270.763,210.906
person1,31.4,267.431,245.647
person2,31.4,266.84,243.751
person3,31.4,272.142,211.481
person0,31.45,270.82,210.903
person1,31.45,267.431,245.707
person2,31.45,266.84,243.679
person3,31.45,272.074,211.481
person0,31.5,270.885,210.899
person1,31.5,267.431,245.771
person2,31.5,266.84,243.61
person3,31.5,272.015,211.481
person0,31.55,270.938,210.895
person1,31.55,267.43,245.832
person2,31.55,266.84,243.541
person3,31.55,271.95,211.481
person0,31.6,270.991,210.892
person1,31.6,267.43,245.893
person2,31.6,266.84,243.475
person3,31.6,271.882,211.481
person0,31.65,271.05,210.889
person1,31.65,267.43,245.951
person2,31.65,266.84,243.406
person3,31.65,271.845,211.481
person0,31.7,271.103,210.885
person1,31.7,267.43,246.018
person2,31.7,266.84,243.335
person3,31.7,271.787,211.484
person0,31.75,271.159,210.882
person1,31.75,267.43,246.079
person2,31.75,266.84,243.266
person3,31.75,271.721,211.488
person0,31.8,271.216,210.878
person1,31.8,267.429,246.144
person2,31.8,266.84,243.199
person3,31.8,271.655,211.492
person0,31.85,271.27,210.875
person1,31.85,267.429,246.213
person2,31.85,266.84,243.132
person3,31.85,271.586,211.497
person0,31.9,271.333,210.871
person1,31.9,267.429,246.282
person2,31.9,266.84,243.066
person3,31.9,271.517,211.501
person0,31.95,271.389,210.868
person1,31.95,267.429,246.343
person2,31.95,266.84,242.998
person3,31.95,271.452,211.505
person0,32,271.442,210.864
person1,32,267.429,246.411
person2,32,266.84,242.929
person3,32,271.385,211.509
person0,32.05,271.502,210.861
person1,32.05,267.428,246.475
person2,32.05,266.84,242.865
person3,32.05,271.322,211.513
person0,32.1,271.557,210.857
person1,32.1,267.428,246.544
person2,32.1,266.84,242.795
person3,32.1,271.251,211.517
person0,32.15,271.622,210.853
person1,32.15,267.428,246.606
person2,32.15,266.84,242.73
person3,32.15,271.193,211.521
person0,32.2,271.675,210.85
person1,32.2,267.428,246.67
person2,32.2,266.84,242.666
person3,32.2,271.128,211.525
person0,32.25,271.728,210.847
person1,32.25,267.428,246.729
person2,32.25,266.84,242.603
person3,32.25,271.063,211.529
person0,32.3,271.791,210.843
person1,32.3,267.427,246.789
person2,32.3,266.84,242.529
person3,32.3,271.005,211.533
person0,32.35,271.862,210.841
person1,32.35,267.427,246.858
person2,32.35,266.84,242.463
person3,32.35,270.935,211.537
person0,32.4,271.925,210.841
person1,32.4,267.427,246.921
person2,32.4,266.84,242.389
person3,32.4,270.874,211.541
person0,32.45,271.983,210.841
person1,32.45,267.427,246.984
person2,32.45,266.84,242.323
person3,32.45,270.808,211.545
person0,32.5,272.039,210.841
person1,32.5,267.427,247.048
person2,32.5,266.84,242.252
person3,32.5,270.741,211.549
person0,32.55,272.1,210.841
person1,32.55,267.427,247.114
person2,32.55,266.84,242.187
person3,32.55,270.673,211.553
person0,32.6,272.163,210.841
person1,32.6,267.426,247.176
person2,32.6,266.84,242.113
person3,32.6,270.606,211.557
person0,32.65,272.219,210.841
person1,32.65,267.426,247.245
person2,32.65,266.84,242.05
person3,32.65,270.535,211.562
person0,32.7,272.278,210.841
person1,32.7,267.426,247.305
person2,32.7,266.84,241.984
person3,32.7,270.468,211.566
person0,32.75,272.34,210.84
person1,32.75,267.426,247.372
person2,32.75,266.84,241.909
person3,32.75,270.406,211.57
person0,32.8,272.4,210.84
person1,32.8,267.426,247.439
person2,32.8,266.84,241.836
person3,32.8,270.347,211.573
person0,32.85,272.459,210.84
person1,32.85,267.425,247.503
person2,32.85,266.84,241.765
person3,32.85,270.277,211.578
person0,32.9,272.512,210.84
person1,32.9,267.425,247.564
person2,32.9,266.84,241.693
person3,32.9,270.206,211.582
person0,32.95,272.571,210.84
person1,32.95,267.425,247.625
person2,32.95,266.84,241.619
person3,32.95,270.141,211.586
person0,33,272.634,210.84
person1,33,267.425,247.692
person2,33,266.84,241.559
person3,33,270.07,211.59
person0,33.05,272.7,210.84
person1,33.05,267.425,247.751
person2,33.05,266.84,241.485
person3,33.05,269.999,211.595
person0,33.1,272.766,210.84
person1,33.1,267.424,247.811
person2,33.1,266.84,241.417
person3,33.1,269.93,211.599
person0,33.15,272.836,210.84
person1,33.15,267.424,247.879
person2,33.15,266.84,241.345
person3,33.15,269.871,211.603
person0,33.2,272.898,210.839
person1,33.2,267.424,247.944
person2,33.2,266.84,241.274
person3,33.2,269.803,211.607
person0,33.25,272.96,210.839
person1,33.25,267.424,248.011
person2,33.25,266.84,241.206
person3,33.25,269.735,211.611
person0,33.3,273.017,210.839
person1,33.3,267.424,248.068
person2,33.3,266.84,241.142
person3,33.3,269.663,211.615
person0,33.35,273.087,210.839
person1,33.35,267.423,248.128
person2,33.35,266.84,241.077
person3,33.35,269.602,211.619
person0,33.4,273.149,210.839
person1,33.4,267.423,248.19
person2,33.4,266.84,241.012
person3,33.4,269.54,211.623
person0,33.45,273.207,210.839
person1,33.45,267.423,248.247
person2,33.45,266.84,240.939
person3,33.45,269.472,211.627
person0,33.5,273.264,210.839
person1,33.5,267.423,248.314
person2,33.5,266.84,240.873
person3,33.5,269.411,211.631
person0,33.55,273.327,210.839
person1,33.55,267.423,248.376
person2,33.55,266.84,240.813
person3,33.55,269.342,211.635
person0,33.6,273.394,210.838
person1,33.6,267.423,248.439
person2,33.6,266.84,240.745
person3,33.6,269.283,211.639
person0,33.65,273.459,210.838
person1,33.65,267.422,248.503
person2,33.65,266.84,240.679
person3,33.65,269.222,211.643
person0,33.7,273.517,210.838
person1,33.7,267.422,248.57
person2,33.7,266.84,240.609
person3,33.7,269.155,211.647
person0,33.75,273.585,210.838
person1,33.75,267.422,248.638
person2,33.75,266.84,240.542
person3,33.75,269.097,211.65
person0,33.8,273.648,210.838
person1,33.8,267.422,248.696
person2,33.8,266.84,240.471
person3,33.8,269.039,211.654
person0,33.85,273.708,210.838
person1,33.85,267.422,248.756
person2,33.85,266.84,240.4
person3,33.85,268.977,211.658
person0,33.9,273.765,210.838
person1,33.9,267.421,248.822
person2,33.9,266.84,240.333
person3,33.9,268.908,211.662
person0,33.95,273.823,210.838
person1,33.95,267.421,248.879
person2,33.95,266.84,240.261
person3,33.95,268.838,211.666
person0,34,273.89,210.838
person1,34,267.421,248.943
person2,34,266.84,240.186
person3,34,268.771,211.671
person0,34.05,273.952,210.837
person1,34.05,267.421,249
person2,34.05,266.84,240.123
person3,34.05,268.712,211.674
person0,34.1,274.022,210.837
person1,34.1,267.421,249.07
person2,34.1,266.84,240.05
person3,34.1,268.646,211.678
person0,34.15,274.092,210.837
person1,34.15,267.42,249.133
person2,34.15,266.84,239.982
person3,34.15,268.576,211.683
person0,34.2,274.15,210.837
person1,34.2,267.42,249.2
person2,34.2,266.84,239.908
person3,34.2,268.513,211.687
person0,34.25,274.219,210.837
person1,34.25,267.42,249.266
person2,34.25,266.84,239.838
person3,34.25,268.444,211.691
person0,34.3,274.288,210.837
person1,34.3,267.42,249.329
person2,34.3,266.84,239.765
person3,34.3,268.377,211.695
person0,34.35,274.349,210.837
person1,34.35,267.42,249.395
person2,34.35,266.84,239.694
person3,34.35,268.315,211.699
person0,34.4,274.413,210.837
person1,34.4,267.42,249.457
person2,34.4,266.84,239.628
person3,34.4,268.247,211.703
person0,34.45,274.479,210.836
person1,34.45,267.419,249.523
person2,34.45,266.84,239.562
person3,34.45,268.187,211.707
person0,34.5,274.538,210.836
person1,34.5,267.419,249.591
person2,34.5,266.84,239.501
person3,34.5,268.124,211.711
person0,34.55,274.606,210.836
person1,34.55,267.419,249.656
person2,34.55,266.84,239.428
person3,34.55,268.053,211.715
person0,34.6,274.664,210.836
person1,34.6,267.419,249.726
person2,34.6,266.84,239.362
person3,34.6,267.99,211.719
person0,34.65,274.721,210.836
person1,34.65,267.419,249.795
person2,34.65,266.84,239.291
person3,34.65,267.926,211.723
person0,34.7,274.788,210.836
person1,34.7,267.418,249.863
person2,34.7,266.84,239.216
person3,34.7,267.857,211.727
person0,34.75,274.846,210.836
person1,34.75,267.418,249.919
person2,34.75,266.84,239.147
person3,34.75,267.799,211.731
person0,34.8,274.911,210.836
person1,34.8,267.418,249.989
person2,34.8,266.84,239.073
person3,34.8,267.737,211.735
person0,34.85,274.967,210.836
person1,34.85,266.986,249.62
person2,34.85,266.84,239.003
person3,34.85,267.669,211.739
person0,34.9,275.03,210.835
person1,34.9,267.046,249.619
person2,34.9,266.84,238.942
person3,34.9,267.607,211.743
person0,34.95,275.096,210.835
person1,34.95,267.108,249.617
person2,34.95,266.84,238.874
person3,34.95,267.541,211.747
person0,35,275.166,210.835
person1,35,267.173,249.616
person2,35,266.84,238.808
person3,35,267.481,211.75
person0,35.05,275.236,210.835
person1,35.05,267.236,249.615
person2,35.05,266.84,238.746
person3,35.05,267.417,211.754
person0,35.1,275.3,210.835
person1,35.1,267.295,249.614
person2,35.1,266.84,238.685
person3,35.1,267.357,211.758
person0,35.15,275.368,210.835
person1,35.15,267.352,249.612
person2,35.15,266.84,238.613
person3,35.15,267.288,211.762
person0,35.2,275.432,210.835
person1,35.2,267.412,249.611
person2,35.2,266.84,238.547
person3,35.2,267.219,211.767
person0,35.25,275.497,210.835
person1,35.25,267.474,249.61
person2,35.25,266.84,238.479
person3,35.25,267.58,211.363
person0,35.3,275.562,210.834
person1,35.3,267.543,249.609
person2,35.3,266.84,238.411
person3,35.3,267.58,211.429
person0,35.35,275.631,210.834
person1,35.35,267.603,249.607
person2,35.35,266.84,238.35
person3,35.35,267.58,211.491
person0,35.4,275.687,210.834
person1,35.4,267.67,249.606
person2,35.4,266.84,238.287
person3,35.4,267.58,211.557
person0,35.45,275.757,210.834
person1,35.45,267.734,249.605
person2,35.45,266.84,238.219
person3,35.45,267.58,211.616
person0,35.5,275.825,210.834
person1,35.5,267.797,249.603
person2,35.5,266.84,238.154
person3,35.5,267.58,211.685
person0,35.55,275.891,210.834
person1,35.55,267.861,249.602
person2,35.55,266.84,238.083
person3,35.55,267.58,211.752
person0,35.6,275.95,210.834
person1,35.6,267.931,249.601
person2,35.6,266.84,238.01
person3,35.6,267.58,211.816
person0,35.65,276.009,210.834
person1,35.65,267.997,249.599
person2,35.65,266.84,237.949
person3,35.65,267.58,211.876
person0,35.7,276.076,210.834
person1,35.7,268.06,249.598
person2,35.7,266.84,237.883
person3,35.7,267.58,211.938
person0,35.75,276.141,210.833
person1,35.75,268.118,249.597
person2,35.75,266.84,237.82
person3,35.75,267.58,211.996
person0,35.8,276.21,210.833
person1,35.8,268.183,249.596
person2,35.8,266.84,237.756
person3,35.8,267.58,212.065
person0,35.85,276.271,210.833
person1,35.85,268.247,249.594
person2,35.85,266.84,237.691
person3,35.85,267.58,212.123
person0,35.9,276.338,210.833
person1,35.9,268.306,249.593
person2,35.9,266.84,237.624
person3,35.9,267.58,212.185
person0,35.95,276.395,210.833
person1,35.95,268.37,249.592
person2,35.95,266.84,237.555
person3,35.95,267.58,212.251
person0,36,276.457,210.833
person1,36,268.429,249.591
person2,36,266.84,237.489
person3,36,267.58,212.309
person0,36.05,276.526,210.833
person1,36.05,268.49,249.589
person2,36.05,266.84,237.425
person3,36.05,267.58,212.367
person0,36.1,276.588,210.833
person1,36.1,268.558,249.588
person2,36.1,266.84,237.358
person3,36.1,267.58,212.425
person0,36.15,276.648,210.832
person1,36.15,268.616,249.587
person2,36.15,266.84,237.294
person3,36.15,267.58,212.492
person0,36.2,276.708,210.832
person1,36.2,268.684,249.585
person2,36.2,266.84,237.228
person3,36.2,267.58,212.558
person0,36.25,276.768,210.832
person1,36.25,268.749,249.584
person2,36.25,266.84,237.155
person3,36.25,267.58,212.62
person0,36.3,276.834,210.832
person1,36.3,268.806,249.583
person2,36.3,266.84,237.088
person3,36.3,267.58,212.686
person0,36.35,276.897,210.832
person1,36.35,268.869,249.582
person2,36.35,266.84,237.021
person3,36.35,267.58,212.755
person0,36.4,276.957,210.832
person1,36.4,268.928,249.58
person2,36.4,266.84,236.959
person3,36.4,267.58,212.821
person0,36.45,277.024,210.832
person1,36.45,268.997,249.579
person2,36.45,266.84,236.892
person3,36.45,267.58,212.88
person0,36.5,277.091,210.832
person1,36.5,269.06,249.578
person2,36.5,266.84,236.817
person3,36.5,267.58,212.94
person0,36.55,277.156,210.832
person1,36.55,269.128,249.576
person2,36.55,266.84,236.756
person3,36.55,267.58,213.01
person0,36.6,277.219,210.831
person1,36.6,269.185,249.575
person2,36.6,266.84,236.682
person3,36.6,267.58,213.076
person0,36.65,277.285,210.831
person1,36.65,269.249,249.574
person2,36.65,266.84,236.617
person3,36.65,267.58,213.137
person0,36.7,277.343,210.831
person1,36.7,269.316,249.572
person2,36.7,266.84,236.555
person3,36.7,267.58,213.198
person0,36.75,277.406,210.831
person1,36.75,269.386,249.571
person2,36.75,266.84,236.484
person3,36.75,267.58,213.266
person0,36.8,277.465,210.831
person1,36.8,269.455,249.57
person2,36.8,266.84,236.421
person3,36.8,267.58,213.324
person0,36.85,277.533,210.831
person1,36.85,269.523,249.568
person2,36.85,266.84,236.351
person3,36.85,267.58,213.393
person0,36.9,277.59,210.831
person1,36.9,269.588,249.567
person2,36.9,266.84,236.278
person3,36.9,267.58,213.458
person0,36.95,277.658,210.831
person1,36.95,269.649,249.566
person2,36.95,266.84,236.216
person3,36.95,267.58,213.529
person0,37,277.718,210.83
person1,37,269.718,249.564
person2,37,266.84,236.141
person3,37,267.58,213.599
person0,37.05,277.78,210.83
person1,37.05,269.783,249.563
person2,37.05,266.84,236.072
person3,37.05,267.58,213.657
person0,37.1,277.848,210.83
person1,37.1,269.844,249.562
person2,37.1,266.84,236.005
person3,37.1,267.58,213.724
person0,37.15,277.917,210.83
person1,37.15,269.91,249.56
person2,37.15,266.84,235.94
person3,37.15,267.58,213.786
person0,37.2,277.976,210.83
person1,37.2,269.976,249.559
person2,37.2,266.84,235.865
person3,37.2,267.58,213.849
person0,37.25,278.045,210.83
person1,37.25,270.046,249.558
person2,37.25,266.84,235.793
person3,37.25,267.58,213.918
person0,37.3,278.106,210.83
person1,37.3,270.109,249.556
person2,37.3,266.84,235.732
person3,37.3,267.58,213.981
person0,37.35,278.171,210.83
person1,37.35,270.165,249.555
person2,37.35,266.84,235.666
person3,37.35,267.58,214.051
person0,37.4,278.237,210.83
person1,37.4,270.235,249.554
person2,37.4,266.84,235.605
person3,37.4,267.58,214.121
person0,37.45,278.307,210.829
person1,37.45,270.299,249.552
person2,37.45,266.84,235.544
person3,37.45,267.58,214.193
person0,37.5,278.366,210.829
person1,37.5,270.36,249.551
person2,37.5,266.84,235.481
person3,37.5,267.58,214.254
person0,37.55,278.431,210.829
person1,37.55,270.417,249.55
person2,37.55,266.84,235.407
person3,37.55,267.58,214.324
person0,37.6,278.488,210.829
person1,37.6,270.487,249.549
person2,37.6,266.84,235.34
person3,37.6,267.58,214.391
person0,37.65,278.547,210.829
person1,37.65,270.546,249.547
person2,37.65,266.84,235.275
person3,37.65,267.58,214.455
person0,37.7,278.608,210.829
person1,37.7,270.608,249.546
person2,37.7,266.84,235.205
person3,37.7,267.58,214.524
person0,37.75,278.669,210.829
person1,37.75,270.67,249.545
person2,37.75,266.84,235.134
person3,37.75,267.58,214.587
person0,37.8,278.734,210.829
person1,37.8,270.731,249.544
person2,37.8,266.84,235.067
person3,37.8,267.58,214.659
person0,37.85,278.792,210.829
person1,37.85,270.792,249.542
person2,37.85,266.84,234.994
person3,37.85,267.58,214.729
person0,37.9,278.861,210.828
person1,37.9,270.859,249.541
person2,37.9,266.84,234.923
person3,37.9,267.58,214.788
person0,37.95,278.93,210.828
person1,37.95,270.921,249.54
person2,37.95,266.84,234.863
person3,37.95,267.58,214.846
person0,38,278.992,210.828
person1,38,270.984,249.538
person2,38,266.84,234.8
person3,38,267.58,214.913
person0,38.05,279.06,210.828
person1,38.05,271.05,249.537
person2,38.05,266.84,234.731
person3,38.05,267.58,214.981
person0,38.1,279.122,210.828
person1,38.1,271.118,249.536
person2,38.1,266.84,234.668
person3,38.1,267.58,215.047
person0,38.15,279.182,210.828
person1,38.15,271.183,249.534
person2,38.15,266.84,234.604
person3,38.15,267.58,215.112
person0,38.2,279.246,210.828
person1,38.2,271.251,249.533
person2,38.2,266.84,234.538
person3,38.2,267.58,215.178
person0,38.25,279.311,210.828
person1,38.25,271.319,249.532
person2,38.25,266.84,234.476
person3,38.25,267.58,215.247
person0,38.3,279.371,210.827
person1,38.3,271.388,249.53
person2,38.3,266.84,234.411
person3,38.3,267.58,215.313
person0,38.35,279.438,210.827
person1,38.35,271.448,249.529
person2,38.35,266.84,234.342
person3,38.35,267.58,215.373
person0,38.4,279.499,210.827
person1,38.4,271.518,249.528
person2,38.4,266.84,234.279
person3,38.4,267.58,215.437
person0,38.45,279.562,210.827
person1,38.45,271.578,249.526
person2,38.45,266.84,234.214
person3,38.45,267.58,215.498
person0,38.5,279.629,210.827
person1,38.5,271.647,249.525
person2,38.5,266.84,234.147
person3,38.5,267.58,215.563
person0,38.55,279.699,210.827
person1,38.55,271.729,249.524
person2,38.55,266.84,234.087
person3,38.55,267.58,215.625
person0,38.6,279.768,210.827
person1,38.6,271.793,249.524
person2,38.6,266.84,234.015
person3,38.6,267.557,215.809
person0,38.65,279.838,210.827
person1,38.65,271.856,249.525
person2,38.65,266.84,233.944
person3,38.65,267.536,215.877
person0,38.7,279.907,210.826
person1,38.7,271.92,249.525
person2,38.7,266.84,233.877
person3,38.7,267.519,215.934
person0,38.75,279.973,210.826
person1,38.75,271.985,249.526
person2,38.75,266.84,233.814
person3,38.75,267.5,215.997
person0,38.8,280.04,210.826
person1,38.8,272.044,249.526
person2,38.8,266.84,233.747
person3,38.8,267.482,216.058
person0,38.85,280.1,210.826
person1,38.85,272.105,249.527
person2,38.85,266.84,233.687
person3,38.85,267.465,216.113
person0,38.9,280.16,210.826
person1,38.9,272.171,249.527
person2,38.9,266.84,233.623
person3,38.9,267.48,216.059
person0,38.95,280.223,210.826
person1,38.95,272.237,249.528
person2,38.95,266.84,233.56
person3,38.95,267.48,216.13
person0,39,280.286,210.826
person1,39,272.299,249.529
person2,39,266.84,233.495
person3,39,267.48,216.192
person0,39.05,280.346,210.826
person1,39.05,272.362,249.529
person2,39.05,266.84,233.424
person3,39.05,267.48,216.251
person0,39.1,280.408,210.826
person1,39.1,272.427,249.53
person2,39.1,266.84,233.356
person3,39.1,267.48,216.314
person0,39.15,280.467,210.825
person1,39.15,272.485,249.53
person2,39.15,266.84,233.282
person3,39.15,267.48,216.374
person0,39.2,280.533,210.825
person1,39.2,272.55,249.531
person2,39.2,266.84,233.215
person3,39.2,267.48,216.435
person0,39.25,280.598,210.825
person1,39.25,272.626,249.531
person2,39.25,266.84,233.144
person3,39.25,267.48,216.499
person0,39.3,280.66,210.825
person1,39.3,272.686,249.532
person2,39.3,266.84,233.074
person3,39.3,267.48,216.565
person0,39.35,280.717,210.825
person1,39.35,272.752,249.532
person2,39.35,266.84,233.008
person3,39.35,267.48,216.628
person0,39.4,280.786,210.825
person1,39.4,272.827,249.533
person2,39.4,266.84,232.934
person3,39.4,267.48,216.692
person0,39.45,280.844,210.825
person1,39.45,272.888,249.534
person2,39.45,266.84,232.861
person3,39.45,267.48,216.761
person0,39.5,280.908,210.825
person1,39.5,272.95,249.534
person2,39.5,266.84,232.793
person3,39.5,267.48,216.823
person0,39.55,280.975,210.824
person1,39.55,273.015,249.535
person2,39.55,266.84,232.723
person3,39.55,267.48,216.881
person0,39.6,281.036,210.824
person1,39.6,273.09,249.535
person2,39.6,266.84,232.656
person3,39.6,267.48,216.942
person0,39.65,281.106,210.824
person1,39.65,273.154,249.536
person2,39.65,266.84,232.587
person3,39.65,267.48,217.008
person0,39.7,281.166,210.824
person1,39.7,273.216,249.536
person2,39.7,266.84,232.522
person3,39.7,267.48,217.067
person0,39.75,281.231,210.824
person1,39.75,273.282,249.537
person2,39.75,266.84,232.461
person3,39.75,267.48,217.134
person0,39.8,281.3,210.824
person1,39.8,273.353,249.538
person2,39.8,266.84,232.392
person3,39.8,267.48,217.195
person0,39.85,281.36,210.824
person1,39.85,273.429,249.538
person2,39.85,266.84,232.326
person3,39.85,267.48,217.259
person0,39.9,281.427,210.824
person1,39.9,273.493,249.539
person2,39.9,266.84,232.255
person3,39.9,267.48,217.322
person0,39.95,281.491,210.824
person1,39.95,273.568,249.539
person2,39.95,266.84,232.18
person3,39.95,267.48,217.388
person0,40,281.552,210.823
person1,40,273.64,249.54
person2,40,266.84,232.117
person3,40,267.48,217.446
person0,40.05,281.619,210.823
person1,40.05,273.71,249.541
person2,40.05,266.84,232.044
person3,40.05,267.48,217.508
person0,40.1,281.687,210.823
person1,40.1,273.778,249.541
person2,40.1,266.84,231.979
person3,40.1,267.48,217.577
person0,40.15,281.756,210.823
person1,40.15,273.839,249.542
person2,40.15,266.84,231.915
person3,40.15,267.48,217.645
person0,40.2,281.826,210.823
person1,40.2,273.911,249.542
person2,40.2,266.84,231.849
person3,40.2,267.48,217.716
person0,40.25,281.883,210.823
person1,40.25,273.977,249.543
person2,40.25,266.84,231.785
person3,40.25,267.48,217.781
person0,40.3,281.95,210.823
person1,40.3,274.04,249.543
person2,40.3,266.84,231.713
person3,40.3,267.48,217.84
person0,40.35,282.011,210.823
person1,40.35,274.102,249.544
person2,40.35,266.84,231.652
person3,40.35,267.48,217.904
person0,40.4,282.072,210.822
person1,40.4,274.175,249.545
person2,40.4,266.84,231.577
person3,40.4,267.48,217.965
person0,40.45,282.133,210.822
person1,40.45,274.24,249.545
person2,40.45,266.84,231.513
person3,40.45,267.48,218.03
person0,40.5,282.194,210.822
person1,40.5,274.31,249.546
person2,40.5,266.84,231.452
person3,40.5,267.48,218.088
person0,40.55,282.258,210.822
person1,40.55,274.372,249.546
person2,40.55,266.84,231.377
person3,40.55,267.48,218.151
person0,40.6,282.323,210.822
person1,40.6,274.447,249.547
person2,40.6,266.84,231.313
person3,40.6,267.48,218.214
person0,40.65,282.383,210.822
person1,40.65,274.511,249.547
person2,40.65,266.84,231.239
person3,40.65,267.48,218.282
person0,40.7,282.444,210.822
person1,40.7,274.585,249.548
person2,40.7,266.84,231.165
person3,40.7,267.48,218.352
person0,40.75,282.505,210.822
person1,40.75,274.652,249.549
person2,40.75,266.84,231.094
person3,40.75,267.48,218.412
person0,40.8,282.57,210.822
person1,40.8,274.72,249.549
person2,40.8,266.84,231.023
person3,40.8,267.48,218.473
person0,40.85,282.64,210.821
person1,40.85,274.793,249.55
person2,40.85,266.84,230.948
person3,40.85,267.48,218.532
person0,40.9,282.708,210.821
person1,40.9,274.862,249.55
person2,40.9,266.84,230.886
person3,40.9,267.48,218.598
person0,40.95,282.765,210.821
person1,40.95,274.933,249.551
person2,40.95,266.84,230.816
person3,40.95,267.48,218.661
person0,41,282.823,210.821
person1,41,275.002,249.552
person2,41,266.84,230.748
person3,41,267.48,218.727
person0,41.05,282.884,210.821
person1,41.05,275.066,249.552
person2,41.05,266.84,230.676
person3,41.05,267.48,218.791
person0,41.1,282.948,210.821
person1,41.1,275.128,249.553
person2,41.1,266.84,230.608
person3,41.1,267.48,218.852
person0,41.15,283.013,210.821
person1,41.15,275.201,249.553
person2,41.15,266.84,230.533
person3,41.15,267.48,218.917
person0,41.2,283.071,210.821
person1,41.2,275.264,249.554
person2,41.2,266.84,230.465
person3,41.2,267.48,218.983
person0,41.25,283.139,210.82
person1,41.25,275.339,249.555
person2,41.25,266.84,230.402
person3,41.25,267.48,219.049
person0,41.3,283.206,210.82
person1,41.3,275.4,249.555
person2,41.3,266.84,230.328
person3,41.3,267.48,219.112
person0,41.35,283.271,210.82
person1,41.35,275.471,249.556
person2,41.35,266.84,230.26
person3,41.35,267.48,219.18
person0,41.4,283.331,210.82
person1,41.4,275.539,249.556
person2,41.4,266.84,230.197
person3,41.4,267.48,219.251
person0,41.45,283.396,210.82
person1,41.45,275.605,249.557
person2,41.45,266.84,230.129
person3,41.45,267.48,219.322
person0,41.5,283.559,210.883
person1,41.5,275.679,249.557
person2,41.5,266.84,230.054
person3,41.5,267.48,219.381
person0,41.55,283.608,210.915
person1,41.55,275.743,249.558
person2,41.55,266.84,229.99
person3,41.55,267.48,219.45
person0,41.6,283.663,210.95
person1,41.6,275.816,249.559
person2,41.6,266.84,229.918
person3,41.6,267.48,219.522
person0,41.65,283.722,210.988
person1,41.65,275.887,249.559
person2,41.65,266.84,229.853
person3,41.65,267.48,219.585
person0,41.7,283.78,211.026
person1,41.7,275.957,249.56
person2,41.7,266.84,229.786
person3,41.7,267.48,219.646
person0,41.75,283.839,211.064
person1,41.75,276.018,249.56
person2,41.75,266.84,229.716
person3,41.75,267.48,219.713
person0,41.8,283.893,211.099
person1,41.8,276.086,249.561
person2,41.8,266.84,229.65
person3,41.8,267.48,219.783
person0,41.85,283.945,211.133
person1,41.85,276.156,249.562
person2,41.85,266.84,229.58
person3,41.85,267.48,219.844
person0,41.9,284,211.168
person1,41.9,276.231,249.562
person2,41.9,266.84,229.511
person3,41.9,267.48,219.912
person0,41.95,284.053,211.203
person1,41.95,276.298,249.563
person2,41.95,266.84,229.446
person3,41.95,267.48,219.972
person0,42,284.11,211.24
person1,42,276.371,249.563
person2,42,266.84,229.38
person3,42,267.48,220.031
person0,42.05,284.166,211.276
person1,42.05,276.443,249.564
person2,42.05,266.84,229.315
person3,42.05,267.48,220.093
person0,42.1,284.217,211.309
person1,42.1,276.511,249.565
person2,42.1,266.84,229.247
person3,42.1,267.48,220.164
person0,42.15,284.266,211.34
person1,42.15,276.583,249.565
person2,42.15,266.84,229.182
person3,42.15,267.48,220.229
person0,42.2,284.317,211.374
person1,42.2,276.648,249.566
person2,42.2,266.84,229.115
person3,42.2,267.48,220.29
person0,42.25,284.372,211.409
person1,42.25,276.72,249.566
person2,42.25,266.84,229.052
person3,42.25,267.48,220.362
person0,42.3,284.423,211.442
person1,42.3,276.791,249.567
person2,42.3,266.84,228.991
person3,42.3,267.48,220.428
person0,42.35,284.475,211.476
person1,42.35,276.865,249.568
person2,42.35,266.84,228.922
person3,42.35,267.48,220.494
person0,42.4,284.523,211.507
person1,42.4,276.927,249.568
person2,42.4,266.84,228.861
person3,42.4,267.48,220.558
person0,42.45,284.571,211.538
person1,42.45,277.002,249.569
person2,42.45,266.84,228.793
person3,42.45,267.48,220.617
person0,42.5,284.619,211.569
person1,42.5,277.063,249.569
person2,42.5,266.84,228.725
person3,42.5,267.48,220.685
person0,42.55,284.677,211.607
person1,42.55,277.136,249.57
person2,42.55,266.84,228.657
person3,42.55,267.48,220.744
person0,42.6,284.728,211.64
person1,42.6,277.204,249.571
person2,42.6,266.84,228.582
person3,42.6,267.48,220.809
person0,42.65,284.778,211.672
person1,42.65,277.267,249.571
person2,42.65,266.84,228.52
person3,42.65,267.48,220.88
person0,42.7,284.827,211.704
person1,42.7,277.334,249.572
person2,42.7,266.84,228.459
person3,42.7,267.48,220.942
person0,42.75,284.884,211.741
person1,42.75,277.4,249.572
person2,42.75,266.84,228.391
person3,42.75,267.48,221.004
person0,42.8,284.934,211.773
person1,42.8,277.463,249.573
person2,42.8,266.84,228.324
person3,42.8,267.48,221.068
person0,42.85,284.988,211.808
person1,42.85,277.535,249.573
person2,42.85,266.84,228.254
person3,42.85,267.48,221.13
person0,42.9,285.036,211.839
person1,42.9,277.6,249.574
person2,42.9,266.84,228.181
person3,42.9,267.48,221.187
person1,42.95,277.671,249.575
person2,42.95,266.84,228.106
person3,42.95,267.48,221.247
person1,43,277.735,249.575
person2,43,266.84,228.038
person3,43,267.48,221.311
person1,43.05,277.798,249.576
person2,43.05,266.84,227.977
person3,43.05,267.48,221.37
person1,43.1,277.869,249.576
person2,43.1,266.84,227.915
person3,43.1,267.48,221.428
person1,43.15,277.932,249.577
person2,43.15,266.84,227.84
person3,43.15,267.48,221.499
person1,43.2,278.006,249.577
person2,43.2,266.84,227.767
person3,43.2,267.48,221.565
person1,43.25,278.069,249.578
person2,43.25,266.84,227.694
person3,43.25,267.48,221.623
person1,43.3,278.133,249.579
person2,43.3,266.84,227.622
person3,43.3,267.48,221.688
person1,43.35,278.197,249.579
person2,43.35,266.84,227.557
person3,43.35,267.48,221.758
person1,43.4,278.269,249.58
person2,43.4,266.84,227.483
person3,43.4,267.48,221.818
person1,43.45,278.335,249.58
person2,43.45,266.84,227.409
person3,43.45,267.48,221.883
person1,43.5,278.398,249.581
person2,43.5,266.84,227.336
person3,43.5,267.48,221.946
person1,43.55,278.469,249.581
person2,43.55,266.84,227.275
person3,43.55,267.48,222.017
person1,43.6,278.536,249.582
person2,43.6,266.84,227.2
person3,43.6,267.48,222.085
person1,43.65,278.608,249.583
person2,43.65,266.84,227.127
person3,43.65,267.48,222.147
person1,43.7,278.673,249.583
person2,43.7,266.84,227.066
person3,43.7,267.48,222.216
person1,43.75,278.735,249.584
person2,43.75,266.84,226.997
person3,43.75,267.48,222.287
person1,43.8,278.805,249.584
person2,43.8,266.84,226.926
person3,43.8,267.48,222.351
person1,43.85,278.87,249.585
person2,43.85,266.84,226.857
person3,43.85,267.48,222.417
person1,43.9,278.933,249.585
person2,43.9,266.84,226.783
person3,43.9,267.48,222.478
person1,43.95,278.997,249.586
person2,43.95,266.84,226.723
person3,43.95,267.48,222.537
person1,44,279.059,249.586
person2,44,266.84,226.649
person3,44,267.48,222.596
person1,44.05,279.134,249.587
person2,44.05,266.84,226.586
person3,44.05,267.48,222.661
person1,44.1,279.198,249.588
person2,44.1,266.84,226.512
person3,44.1,267.48,222.732
person1,44.15,279.268,249.588
person2,44.15,266.84,226.438
person3,44.15,267.48,222.795
person1,44.2,279.337,249.589
person2,44.2,266.84,226.373
person3,44.2,267.48,222.861
person1,44.25,279.405,249.589
person2,44.25,266.84,226.31
person3,44.25,267.48,222.927
person1,44.3,279.473,249.59
person2,44.3,266.84,226.238
person3,44.3,267.48,222.992
person1,44.35,279.544,249.591
person2,44.35,266.84,226.172
person3,44.35,267.48,223.063
person1,44.4,279.614,249.591
person2,44.4,266.84,226.107
person3,44.4,267.48,223.121
person1,44.45,279.675,249.592
person2,44.45,266.84,226.041
person3,44.45,267.48,223.187
person1,44.5,279.738,249.592
person2,44.5,266.84,225.978
person3,44.5,267.48,223.256
person1,44.55,279.804,249.593
person2,44.55,266.84,225.907
person3,44.55,267.48,223.316
person1,44.6,279.878,249.593
person2,44.6,266.84,225.843
person3,44.6,267.48,223.378
person1,44.65,279.939,249.594
person2,44.65,266.84,225.773
person3,44.65,267.48,223.443
person1,44.7,280.008,249.595
person2,44.7,266.84,225.713
person3,44.7,267.48,223.507
person1,44.75,280.082,249.595
person2,44.75,266.84,225.639
person3,44.75,267.48,223.574
person1,44.8,280.153,249.596
person2,44.8,266.84,225.572
person3,44.8,267.48,223.639
person1,44.85,280.217,249.596
person2,44.85,266.84,225.51
person3,44.85,267.48,223.71
person1,44.9,280.285,249.597
person2,44.9,266.84,225.439
person3,44.9,267.48,223.781
person1,44.95,280.355,249.598
person2,44.95,266.84,225.367
person3,44.95,267.48,223.842
person1,45,280.419,249.598
person2,45,266.84,225.293
person3,45,267.48,223.905
person1,45.05,280.487,249.599
person2,45.05,266.84,225.232
person3,45.05,267.48,223.971
person1,45.1,280.55,249.599
person2,45.1,266.84,225.17
person3,45.1,267.48,224.032
person1,45.15,280.623,249.6
person2,45.15,266.84,225.099
person3,45.15,267.48,224.093
person1,45.2,280.69,249.6
person2,45.2,266.84,225.037
person3,45.2,267.48,224.152
person1,45.25,280.753,249.601
person2,45.25,266.84,224.965
person3,45.25,267.48,224.218
person1,45.3,280.82,249.602
person2,45.3,266.84,224.901
person3,45.3,267.48,224.279
person1,45.35,280.893,249.602
person2,45.35,266.84,224.828
person3,45.35,267.48,224.347
person1,45.4,280.964,249.603
person2,45.4,266.84,224.756
person3,45.4,267.48,224.409
person1,45.45,281.03,249.603
person2,45.45,266.84,224.688
person3,45.45,267.48,224.48
person1,45.5,281.093,249.604
person2,45.5,266.84,224.615
person3,45.5,267.48,224.551
person1,45.55,281.157,249.604
person2,45.55,266.84,224.553
person3,45.55,267.48,224.616
person1,45.6,281.221,249.605
person2,45.6,266.84,224.48
person3,45.6,267.48,224.687
person1,45.65,281.296,249.606
person2,45.65,266.84,224.407
person3,45.65,267.48,224.746
person1,45.7,281.364,249.606
person2,45.7,266.84,224.346
person3,45.7,267.48,224.805
person1,45.75,281.433,249.607
person2,45.75,266.84,224.282
person3,45.75,267.48,224.871
person1,45.8,281.494,249.607
person2,45.8,266.84,224.212
person3,45.8,267.48,224.931
person1,45.85,281.557,249.608
person2,45.85,266.84,224.142
person3,45.85,267.48,225.002
person1,45.9,281.629,249.608
person2,45.9,266.84,224.076
person3,45.9,267.48,225.067
person1,45.95,281.701,249.609
person2,45.95,266.84,224.015
person3,45.95,267.48,225.135
person1,46,281.763,249.61
person2,46,266.84,223.945
person3,46,267.48,225.202
person1,46.05,281.835,249.61
person2,46.05,266.84,223.876
person3,46.05,267.48,225.27
person1,46.1,281.896,249.611
person2,46.1,266.84,223.81
person3,46.1,267.48,225.328
person1,46.15,281.957,249.611
person2,46.15,266.84,223.742
person3,46.15,267.48,225.398
person1,46.2,282.027,249.612
person2,46.2,266.84,223.669
person3,46.2,267.48,225.457
person1,46.25,282.096,249.612
person2,46.25,266.84,223.598
person3,46.25,267.48,225.524
person1,46.3,282.168,249.613
person2,46.3,266.84,223.525
person3,46.3,267.48,225.588
person1,46.35,282.239,249.614
person2,46.35,266.84,223.452
person3,46.35,267.48,225.651
person1,46.4,282.307,249.614
person2,46.4,266.84,223.39
person3,46.4,267.48,225.709
person1,46.45,282.369,249.615
person2,46.45,266.84,223.319
person3,46.45,267.48,225.775
person1,46.5,282.442,249.615
person2,46.5,266.84,223.247
person3,46.5,267.48,225.837
person1,46.55,282.508,249.616
person2,46.55,266.84,223.186
person3,46.55,267.48,225.906
person1,46.6,282.583,249.617
person2,46.6,266.84,223.121
person3,46.6,267.48,225.972
person1,46.65,282.644,249.617
person2,46.65,266.84,223.056
person3,46.65,267.48,226.042
person1,46.7,282.711,249.618
person2,46.7,266.84,222.986
person3,46.7,267.48,226.1
person1,46.75,282.777,249.618
person2,46.75,266.84,222.915
person3,46.75,267.48,226.166
person1,46.8,282.837,249.619
person2,46.8,266.84,222.841
person3,46.8,267.48,226.231
person1,46.85,282.911,249.619
person2,46.85,266.84,222.768
person3,46.85,267.48,226.298
person1,46.9,282.973,249.62
person2,46.9,266.84,222.705
person3,46.9,267.48,226.369
person1,46.95,282.82,249.641
person2,46.95,266.84,222.643
person3,46.95,267.48,226.437
person1,47,282.882,249.606
person2,47,266.84,222.576
person3,47,267.48,226.508
person1,47.05,282.935,249.576
person2,47.05,266.84,222.512
person3,47.05,267.48,226.567
person1,47.1,283.001,249.539
person2,47.1,266.84,222.441
person3,47.1,267.48,226.628
person1,47.15,283.066,249.502
person2,47.15,266.84,222.369
person3,47.15,267.48,226.69
person1,47.2,283.127,249.468
person2,47.2,266.84,222.308
person3,47.2,267.48,226.749
person1,47.25,283.185,249.436
person2,47.25,266.84,222.243
person3,47.25,267.48,226.809
person1,47.3,283.243,249.403
person2,47.3,266.84,222.177
person3,47.3,267.48,226.866
person1,47.35,283.299,249.372
person2,47.35,266.84,222.117
person3,47.35,267.48,226.927
person1,47.4,283.361,249.337
person2,47.4,266.84,222.048
person3,47.4,267.48,226.993
person1,47.45,283.427,249.3
person2,47.45,266.84,221.987
person3,47.45,267.48,227.058
person1,47.5,283.48,249.27
person2,47.5,266.84,221.916
person3,47.5,267.48,227.121
person1,47.55,283.543,249.234
person2,47.55,266.84,221.843
person3,47.55,267.48,227.189
person1,47.6,283.601,249.202
person2,47.6,266.84,221.781
person3,47.6,267.48,227.254
person1,47.65,283.663,249.167
person2,47.65,266.84,221.71
person3,47.65,267.48,227.313
person1,47.7,283.723,249.133
person2,47.7,266.84,221.649
person3,47.7,267.48,227.374
person1,47.75,283.78,249.101
person2,47.75,266.84,221.582
person3,47.75,267.48,227.433
person1,47.8,283.835,249.07
person2,47.8,266.84,221.509
person3,47.8,267.48,227.499
person1,47.85,283.893,249.038
person2,47.85,266.84,221.442
person3,47.85,267.48,227.561
person1,47.9,283.953,249.004
person2,47.9,266.84,221.375
person3,47.9,267.48,227.628
person1,47.95,284.007,248.973
person2,47.95,266.84,221.312
person3,47.95,267.48,227.698
person1,48,284.072,248.937
person2,48,266.84,221.238
person3,48,267.48,227.756
person1,48.05,284.125,248.907
person2,48.05,266.84,221.168
person3,48.05,267.48,227.823
person1,48.1,284.183,248.874
person2,48.1,266.84,221.108
person3,48.1,267.48,227.89
person1,48.15,284.243,248.841
person2,48.15,266.84,221.041
person3,48.15,267.48,227.949
person1,48.2,284.299,248.809
person2,48.2,266.84,220.977
person3,48.2,267.48,228.02
person1,48.25,284.361,248.774
person2,48.25,266.84,220.913
person3,48.25,267.48,228.079
person1,48.3,284.422,248.74
person2,48.3,266.84,220.839
person3,48.3,267.48,228.148
person1,48.35,284.482,248.706
person2,48.35,266.84,220.769
person3,48.35,267.48,228.21
person1,48.4,284.539,248.674
person2,48.4,266.84,220.706
person3,48.4,267.48,228.274
person1,48.45,284.596,248.642
person2,48.45,266.84,220.633
person3,48.45,267.48,228.337
person1,48.5,284.651,248.611
person2,48.5,266.84,220.559
person3,48.5,267.48,228.396
person2,48.55,266.84,220.491
person3,48.55,267.48,228.461
person2,48.6,266.84,220.429
person3,48.6,267.48,228.526
person2,48.65,266.84,220.357
person3,48.65,267.48,228.584
person2,48.7,266.84,220.293
person3,48.7,267.48,228.652
person2,48.75,266.84,220.224
person3,48.75,267.48,228.718
person2,48.8,266.84,220.151
person3,48.8,267.48,228.787
person2,48.85,266.84,220.086
person3,48.85,267.48,228.853
person2,48.9,266.84,220.021
person3,48.9,267.48,228.919
person2,48.95,266.84,219.949
person3,48.95,267.48,228.988
person2,49,266.84,219.879
person3,49,267.48,229.051
person2,49.05,266.84,219.817
person3,49.05,267.48,229.11
person2,49.1,266.84,219.75
person3,49.1,267.48,229.176
person2,49.15,266.84,219.685
person3,49.15,267.48,229.247
person2,49.2,266.84,219.617
person3,49.2,267.48,229.309
person2,49.25,266.84,219.544
person3,49.25,267.48,229.376
person2,49.3,266.84,219.484
person3,49.3,267.48,229.446
person2,49.35,266.84,219.411
person3,49.35,267.48,229.514
person2,49.4,266.84,219.343
person3,49.4,267.48,229.577
person2,49.45,266.84,219.272
person3,49.45,267.48,229.639
person2,49.5,266.84,219.207
person3,49.5,267.48,229.703
person2,49.55,266.84,219.142
person3,49.55,267.48,229.762
person2,49.6,266.84,219.078
person3,49.6,267.48,229.819
person2,49.65,266.84,219.015
person3,49.65,267.48,229.878
person2,49.7,266.84,218.952
person3,49.7,267.48,229.944
person2,49.75,266.84,218.88
person3,49.75,267.48,230.014
person2,49.8,266.84,218.813
person3,49.8,267.48,230.078
person2,49.85,266.84,218.745
person3,49.85,267.48,230.148
person2,49.9,266.84,218.678
person3,49.9,267.48,230.215
person2,49.95,266.84,218.607
person3,49.95,267.48,230.283
person2,50,266.84,218.534
person3,50,267.48,230.349
person2,50.05,266.84,218.466
person3,50.05,267.48,230.413
person2,50.1,266.84,218.397
person3,50.1,267.48,230.478
person2,50.15,266.84,218.332
person3,50.15,267.48,230.547
person2,50.2,266.84,218.266
person3,50.2,267.48,230.61
person2,50.25,266.84,218.205
person3,50.25,267.48,230.677
person2,50.3,266.84,218.137
person3,50.3,267.48,230.742
person2,50.35,266.84,218.068
person3,50.35,267.48,230.803
person2,50.4,266.84,218.005
person3,50.4,267.48,230.874
person2,50.45,266.84,217.94
person3,50.45,267.48,230.943
person2,50.5,266.84,217.867
person3,50.5,267.48,231.011
person2,50.55,266.84,217.801
person3,50.55,267.48,231.072
person2,50.6,266.84,217.731
person3,50.6,267.48,231.143
person2,50.65,266.84,217.67
person3,50.65,267.48,231.201
person2,50.7,266.84,217.597
person3,50.7,267.48,231.259
person2,50.75,266.84,217.529
person3,50.75,267.48,231.326
person2,50.8,266.84,217.456
person3,50.8,267.48,231.392
person2,50.85,266.84,217.385
person3,50.85,267.48,231.46
person2,50.9,266.84,217.316
person3,50.9,267.48,231.524
person2,50.95,266.84,217.253
person3,50.95,267.48,231.585
person2,51,266.84,217.185
person3,51,267.48,231.648
person2,51.05,266.84,217.125
person3,51.05,267.48,231.715
person2,51.1,266.84,217.058
person3,51.1,267.48,231.783
person2,51.15,266.84,216.984
person3,51.15,267.48,231.854
person2,51.2,266.84,216.92
person3,51.2,267.48,231.921
person2,51.25,266.84,216.847
person3,51.25,267.48,231.986
person2,51.3,266.84,216.782
person3,51.3,267.48,232.047
