id,timestamp,x,y,confidence
car1,10.3,267.628,230.775,142
car1,10.35,267.613,230.707,140
car1,10.4,267.601,230.65,138
car1,10.45,267.589,230.592,137
car1,10.5,267.576,230.533,135
car1,10.55,267.564,230.475,134
car1,10.6,267.551,230.415,132
car1,10.65,267.539,230.359,130
car1,10.7,267.527,230.303,129
car1,10.75,267.513,230.236,127
car1,10.75,267.513,230.236,127
car1,10.8,267.501,230.179,126
car1,10.8,267.501,230.179,126
car1,10.8,267.629,218.417,142
car1,10.85,267.489,230.124,124
car1,10.8,267.629,218.417,142
car1,10.85,267.489,230.124,124
car1,10.85,267.618,218.471,140
car1,10.85,267.489,230.124,124
car1,10.9,267.606,218.524,139
car1,10.9,267.474,230.054,122
car1,10.9,267.606,218.524,139
car1,10.95,267.461,229.99,121
car1,10.9,267.606,218.524,139
car1,10.95,267.461,229.99,121
car1,10.95,267.594,218.582,137
car1,11,267.447,229.925,119
car1,10.95,267.594,218.582,137
car1,11,267.447,229.925,119
car1,11,267.582,218.64,136
car1,11,267.447,229.925,119
car1,11.05,267.571,218.691,134
car1,11.05,267.434,229.865,117
car1,11.05,267.571,218.691,134
car1,11.05,267.434,229.865,117
car1,11.1,267.56,218.742,133
car1,11.1,267.42,229.801,116
car1,11.1,267.56,218.742,133
car1,11.1,267.42,229.801,116
car1,11.15,267.551,218.784,132
car1,11.15,267.408,229.743,114
car1,11.15,267.551,218.784,132
car1,11.15,267.408,229.743,114
car1,11.2,267.543,218.824,131
car1,11.2,267.394,229.679,112
car1,11.2,267.543,218.824,131
car1,11.25,267.381,229.617,111
car1,11.2,267.543,218.824,131
car1,11.25,267.381,229.617,111
car1,11.25,267.53,218.883,129
car1,11.3,267.367,229.549,109
car1,11.25,267.53,218.883,129
car1,11.3,267.367,229.549,109
car1,11.3,267.518,218.939,128
car1,11.3,267.367,229.549,109
car1,11.35,267.505,219.003,126
car1,11.35,267.354,229.489,107
car1,11.35,267.505,219.003,126
car1,11.35,267.354,229.489,107
car1,11.4,267.492,219.06,125
car1,11.4,267.341,229.429,106
car1,11.4,267.492,219.06,125
car1,11.4,267.341,229.429,106
car1,11.45,267.479,219.125,123
car1,11.45,267.329,229.369,104
car1,11.45,267.479,219.125,123
car1,11.5,267.315,229.303,102
car1,11.45,267.479,219.125,123
car1,11.5,267.315,229.303,102
car1,11.5,267.466,219.183,121
car1,11.55,267.3,229.233,100
car1,11.5,267.466,219.183,121
car1,11.55,267.3,229.233,100
car1,11.55,267.455,219.238,120
car1,11.6,267.284,229.161,98
car1,11.55,267.455,219.238,120
car1,11.6,267.284,229.161,98
car1,11.6,267.443,219.292,118
car1,11.65,267.263,229.062,96
car1,11.6,267.443,219.292,118
car1,11.65,267.263,229.062,96
car1,11.65,267.432,219.346,117
car1,11.65,267.263,229.062,96
car1,11.7,267.421,219.395,116
car1,11.7,267.246,228.981,94
car1,11.7,267.421,219.395,116
car1,11.7,267.246,228.981,94
car1,11.75,267.409,219.453,114
car1,11.75,267.232,228.917,92
car1,11.75,267.409,219.453,114
car1,11.8,267.217,228.843,90
car1,11.75,267.409,219.453,114
car1,11.8,267.217,228.843,90
car1,11.8,267.397,219.509,113
car1,11.8,267.217,228.843,90
car1,11.85,267.386,219.56,111
car1,11.85,267.204,228.785,88
car1,11.85,267.386,219.56,111
car1,11.9,267.192,228.726,87
car1,11.85,267.386,219.56,111
car1,11.9,267.192,228.726,87
car1,11.9,267.375,219.612,110
car1,11.9,267.192,228.726,87
car1,11.95,267.363,219.669,108
car1,11.95,267.18,228.67,85
car1,11.95,267.363,219.669,108
car1,11.95,267.18,228.67,85
car1,12,267.354,219.713,107
car1,12,267.168,228.613,84
car1,12,267.354,219.713,107
car1,12,267.168,228.613,84
car1,12.05,267.346,219.75,106
car1,12.05,267.157,228.562,82
car1,12.05,267.346,219.75,106
car1,12.1,267.148,228.522,81
car1,12.05,267.346,219.75,106
car1,12.1,267.148,228.522,81
car1,12.1,267.335,219.803,105
car1,12.15,267.14,228.481,80
car1,12.1,267.335,219.803,105
car1,12.15,267.14,228.481,80
car1,12.15,267.32,219.873,103
car1,12.2,267.127,228.419,79
car1,12.15,267.32,219.873,103
car1,12.2,267.127,228.419,79
car1,12.2,267.306,219.938,101
car1,12.2,267.127,228.419,79
car1,12.25,267.293,219.999,100
car1,12.25,267.115,228.363,77
car1,12.25,267.293,219.999,100
car1,12.25,267.115,228.363,77
car1,12.3,267.281,220.056,98
car1,12.3,267.103,228.306,76
car1,12.3,267.281,220.056,98
car1,12.3,267.103,228.306,76
car1,12.35,267.266,220.127,96
car1,12.35,267.091,228.252,74
car1,12.35,267.266,220.127,96
car1,12.35,267.091,228.252,74
car1,12.4,267.253,220.188,95
car1,12.4,267.077,228.187,72
car1,12.4,267.253,220.188,95
car1,12.45,267.064,228.125,71
car1,12.4,267.253,220.188,95
car1,12.45,267.064,228.125,71
car1,12.45,267.242,220.239,93
car1,12.45,267.064,228.125,71
car1,12.5,267.23,220.295,92
car1,12.5,267.049,228.054,69
car1,12.5,267.23,220.295,92
car1,12.5,267.049,228.054,69
car1,12.55,267.22,220.343,90
car1,12.55,267.035,227.987,67
car1,12.55,267.22,220.343,90
car1,12.6,267.019,227.914,65
car1,12.55,267.22,220.343,90
car1,12.6,267.019,227.914,65
car1,12.6,267.213,220.377,89
car1,12.6,267.019,227.914,65
car1,12.65,267.2,220.437,88
car1,12.65,267.004,227.841,63
car1,12.65,267.2,220.437,88
car1,12.7,266.987,227.763,61
car1,12.65,267.2,220.437,88
car1,12.7,266.987,227.763,61
car1,12.7,267.187,220.495,86
car1,12.75,266.97,227.681,59
car1,12.7,267.187,220.495,86
car1,12.75,266.97,227.681,59
car1,12.75,267.175,220.552,85
car1,12.75,266.97,227.681,59
car1,12.8,267.163,220.608,83
car1,12.8,266.955,227.612,57
car1,12.8,267.163,220.608,83
car1,12.8,266.955,227.612,57
car1,12.85,267.153,220.657,82
car1,12.85,266.939,227.537,55
car1,12.85,267.153,220.657,82
car1,12.9,266.924,227.465,53
car1,12.85,267.153,220.657,82
car1,12.9,266.924,227.465,53
car1,12.9,267.141,220.713,81
car1,12.9,266.924,227.465,53
car1,12.95,267.131,220.76,79
car1,12.95,266.911,227.405,52
car1,12.95,267.131,220.76,79
car1,13,266.899,227.348,50
car1,12.95,267.131,220.76,79
car1,13,266.899,227.348,50
car1,13,267.121,220.805,78
car1,13.05,266.889,227.302,49
car1,13,267.121,220.805,78
car1,13.05,266.889,227.302,49
car1,13.05,267.11,220.859,77
car1,13.1,266.883,227.272,48
car1,13.05,267.11,220.859,77
car1,13.1,266.883,227.272,48
car1,13.1,267.098,220.918,75
car1,13.1,266.883,227.272,48
car1,13.15,267.087,220.968,74
car1,13.15,266.869,227.209,46
car1,13.15,267.087,220.968,74
car1,13.2,266.855,227.142,45
car1,13.15,267.087,220.968,74
car1,13.2,266.855,227.142,45
car1,13.2,267.076,221.021,72
car1,13.2,266.855,227.142,45
car1,13.25,267.063,221.08,71
car1,13.25,266.844,227.089,43
car1,13.25,267.063,221.08,71
car1,13.25,266.844,227.089,43
car1,13.3,267.051,221.139,69
car1,13.3,266.832,227.032,42
car1,13.3,267.051,221.139,69
car1,13.3,266.832,227.032,42
car1,13.35,267.041,221.186,68
car1,13.35,266.817,226.962,40
car1,13.35,267.041,221.186,68
car1,13.4,266.803,226.894,38
car1,13.35,267.041,221.186,68
car1,13.4,266.803,226.894,38
car1,13.4,267.032,221.226,67
car1,13.45,266.79,226.835,36
car1,13.4,267.032,221.226,67
car1,13.45,266.79,226.835,36
car1,13.45,267.022,221.273,66
car1,13.5,266.776,226.77,35
car1,13.45,267.022,221.273,66
car1,13.5,266.776,226.77,35
car1,13.5,267.009,221.334,64
car1,13.5,266.776,226.77,35
car1,13.55,266.995,221.401,62
car1,13.55,266.762,226.704,33
car1,13.55,266.995,221.401,62
car1,13.55,266.762,226.704,33
car1,13.6,266.981,221.468,60
car1,13.6,266.751,226.65,31
car1,13.6,266.981,221.468,60
car1,13.65,266.738,226.59,30
car1,13.6,266.981,221.468,60
car1,13.65,266.738,226.59,30
car1,13.65,266.97,221.517,59
car1,13.7,266.724,226.526,28
car1,13.65,266.97,221.517,59
car1,13.7,266.724,226.526,28
car1,13.7,266.963,221.553,58
car1,13.7,266.724,226.526,28
car1,13.75,266.95,221.612,56
car1,13.75,266.713,226.473,27
car1,13.75,266.95,221.612,56
car1,13.75,266.95,221.612,56
car1,13.85,266.921,221.746,53
car1,13.85,266.703,226.426,26
car1,13.85,266.921,221.746,53
car1,13.85,266.703,226.426,26
car1,13.9,266.913,221.786,52
car1,13.85,266.703,226.426,26
car1,13.9,266.913,221.786,52
car1,13.95,267.425,225.927,32
car1,14,268.288,222.523,62
car1,14,267.354,225.865,30
car1,14,268.288,222.523,62
car1,14.05,267.305,225.822,28
car1,14,268.288,222.523,62
car1,14.05,267.305,225.822,28
car1,14.05,268.247,222.559,60
car1,14.1,267.267,225.789,27
car1,14.05,268.247,222.559,60
car1,14.1,267.267,225.789,27
car1,14.1,268.231,222.573,60
car1,14.1,267.267,225.789,27
car1,14.15,268.142,222.65,57
car1,14.15,267.168,225.703,23
car1,14.15,268.142,222.65,57
car1,14.15,267.168,225.703,23
car1,14.2,268.09,222.695,55
car1,14.2,267.115,225.657,21
car1,14.2,268.09,222.695,55
car1,14.25,267.074,225.622,20
car1,14.2,268.09,222.695,55
car1,14.25,267.074,225.622,20
car1,14.25,268.047,222.733,54
car1,14.25,267.074,225.622,20
car1,14.3,268.005,222.769,52
car1,14.3,267.037,225.59,19
car1,14.3,268.005,222.769,52
car1,14.3,267.037,225.59,19
car1,14.35,267.927,222.837,49
car1,14.35,266.994,225.552,17
car1,14.35,267.927,222.837,49
car1,14.35,267.927,222.837,49
car1,14.45,267.835,222.917,46
car1,14.45,266.924,225.491,15
car1,14.45,267.835,222.917,46
car1,14.5,266.892,225.464,14
car1,14.45,267.835,222.917,46
car1,14.5,266.892,225.464,14
car1,14.5,267.807,222.941,45
car1,14.5,266.892,225.464,14
car1,14.55,267.763,222.98,44
car1,14.55,266.867,225.441,13
car1,14.55,267.763,222.98,44
car1,14.6,266.849,225.426,12
car1,14.55,267.763,222.98,44
car1,14.6,266.849,225.426,12
car1,14.6,267.729,223.009,42
car1,14.65,266.926,225.493,15
car1,14.6,267.729,223.009,42
car1,14.65,266.926,225.493,15
car1,14.65,267.697,223.037,41
car1,14.65,266.926,225.493,15
car1,14.7,267.665,223.065,40
car1,14.65,266.926,225.493,15
car1,14.75,267.639,223.088,39
car1,14.75,267.639,223.088,39
car1,14.8,267.606,223.116,38
car1,14.85,267.577,223.141,37
car1,14.85,266.977,224.841,13
car1,14.85,267.577,223.141,37
car1,14.9,266.941,224.836,12
car1,14.85,267.577,223.141,37
car1,14.9,266.941,224.836,12
car1,14.9,267.547,223.168,36
car1,14.9,266.941,224.836,12
car1,14.95,267.514,223.196,35
car1,14.95,266.923,224.834,11
car1,14.95,267.514,223.196,35
car1,14.95,266.923,224.834,11
car1,15,267.487,223.219,34
car1,15,266.911,224.832,11
car1,15,267.487,223.219,34
car1,15,266.911,224.832,11
car1,15.05,267.459,223.244,33
car1,15.05,266.906,224.831,11
car1,15.05,267.459,223.244,33
car1,15.05,266.906,224.831,11
car1,15.1,267.431,223.268,32
car1,15.1,266.912,224.832,11
car1,15.1,267.431,223.268,32
car1,15.15,267.012,224.846,13
car1,15.1,267.431,223.268,32
car1,15.15,267.012,224.846,13
car1,15.15,267.409,223.287,31
car1,15.15,267.012,224.846,13
car1,15.2,267.388,223.306,31
car1,15.15,267.012,224.846,13
car1,15.2,267.388,223.306,31
car1,15.15,267.012,224.846,13
car1,15.25,267.372,223.32,30
car1,15.15,267.012,224.846,13
car1,15.25,267.372,223.32,30
car1,15.25,266.912,224.368,11
car1,15.3,266.905,224.369,11
car1,15.35,266.909,224.368,11
car1,15.3,267.392,223.302,31
car1,15.45,266.936,224.365,11
car1,15.5,266.999,224.356,13
car1,15.55,267.151,224.334,17
car1,15.6,267.615,224.269,29
car1,15.65,267.594,224.272,29
car1,15.65,267.594,224.272,29
car1,15.7,267.576,224.275,28
car1,15.7,267.576,224.275,28
car1,15.75,267.561,224.277,28
car1,15.75,267.561,224.277,28
car1,15.8,267.549,224.278,28
car1,15.8,267.549,224.278,28
car1,15.85,267.54,224.28,27
car1,15.85,267.54,224.28,27
car1,15.9,267.534,224.281,27
car1,15.9,267.534,224.281,27
car1,15.95,267.531,224.281,27
car1,15.95,267.531,224.281,27
car1,16,267.53,224.281,27
car1,16,267.53,224.281,27
car1,16.05,267.533,224.281,27
car1,16.05,267.533,224.281,27
car1,16.1,267.539,224.28,27
car1,16.1,267.539,224.28,27
car1,16.15,267.561,224.923,28
car1,16.15,267.135,223.526,22
car1,16.15,267.561,224.923,28
car1,16.15,267.135,223.526,22
car1,16.15,267.561,224.923,28
car1,16.2,267.216,223.455,25
car1,16.2,267.533,224.919,27
car1,16.2,267.216,223.455,25
car1,16.2,267.533,224.919,27
car1,16.2,267.216,223.455,25
car1,16.2,267.533,224.919,27
car1,16.25,267.257,223.419,26
car1,16.25,267.53,224.919,27
car1,16.25,267.257,223.419,26
car1,16.3,267.531,224.919,27
car1,16.25,267.257,223.419,26
car1,16.3,267.531,224.919,27
car1,16.3,267.305,223.377,28
car1,16.35,267.534,224.919,27
car1,16.3,267.305,223.377,28
car1,16.4,267.541,224.92,27
car1,16.3,267.305,223.377,28
car1,16.4,267.541,224.92,27
car1,16.3,267.305,223.377,28
car1,16.45,267.551,224.922,28
car1,16.3,267.305,223.377,28
car1,16.45,267.551,224.922,28
car1,16.5,266.693,222.819,24
car1,16.5,267.565,224.924,28
car1,16.5,266.693,222.819,24
car1,16.55,267.58,224.926,28
car1,16.5,266.693,222.819,24
car1,16.55,267.58,224.926,28
car1,16.55,266.703,222.773,26
car1,16.55,267.58,224.926,28
car1,16.6,266.716,222.712,27
car1,16.6,267.597,224.928,29
car1,16.6,266.716,222.712,27
car1,16.6,267.597,224.928,29
car1,16.65,266.729,222.651,29
car1,16.65,267.618,224.931,29
car1,16.65,266.729,222.651,29
car1,16.7,267.64,224.934,30
car1,16.65,266.729,222.651,29
car1,16.7,267.64,224.934,30
car1,16.7,266.741,222.594,30
car1,16.7,267.64,224.934,30
car1,16.75,266.754,222.536,32
car1,16.75,267.693,224.942,31
car1,16.75,266.754,222.536,32
car1,16.75,267.693,224.942,31
car1,16.8,266.766,222.479,33
car1,16.8,267.855,224.965,36
car1,16.8,266.766,222.479,33
car1,16.8,267.855,224.965,36
car1,16.85,266.779,222.417,35
car1,16.8,267.855,224.965,36
car1,16.9,266.79,222.363,36
car1,16.8,267.855,224.965,36
car1,16.95,266.804,222.299,38
car1,17,266.818,222.232,40
car1,17,266.818,222.232,40
car1,17.05,266.832,222.167,42
car1,17.1,267.411,225.914,32
car1,17.05,266.832,222.167,42
car1,17.1,267.411,225.914,32
car1,17.1,266.846,222.101,43
car1,17.1,267.411,225.914,32
car1,17.15,266.859,222.038,45
car1,17.15,267.434,225.934,32
car1,17.15,266.859,222.038,45
car1,17.15,266.859,222.038,45
car1,17.25,267.483,225.977,34
car1,17.25,267.483,225.977,34
car1,17.25,266.887,221.909,49
car1,17.25,267.483,225.977,34
car1,17.3,266.899,221.851,50
car1,17.3,267.505,225.996,35
car1,17.3,266.899,221.851,50
car1,17.35,267.537,226.024,36
car1,17.3,266.899,221.851,50
car1,17.35,267.537,226.024,36
car1,17.35,266.91,221.799,52
car1,17.35,267.537,226.024,36
car1,17.4,266.921,221.748,53
car1,17.4,267.562,226.046,37
car1,17.4,266.921,221.748,53
car1,17.4,267.562,226.046,37
car1,17.45,266.933,221.692,54
car1,17.45,267.595,226.074,38
car1,17.45,266.933,221.692,54
car1,17.45,267.595,226.074,38
car1,17.5,266.946,221.632,56
car1,17.5,267.622,226.098,39
car1,17.5,266.946,221.632,56
car1,17.5,267.622,226.098,39
car1,17.55,266.958,221.574,58
car1,17.55,267.655,226.127,40
car1,17.55,266.958,221.574,58
car1,17.55,267.655,226.127,40
car1,17.6,266.971,221.512,59
car1,17.6,267.684,226.152,41
car1,17.6,266.971,221.512,59
car1,17.65,267.725,226.187,42
car1,17.6,266.971,221.512,59
car1,17.65,267.725,226.187,42
car1,17.65,266.982,221.46,61
car1,17.7,267.751,226.21,43
car1,17.65,266.982,221.46,61
car1,17.7,267.751,226.21,43
car1,17.7,266.995,221.398,62
car1,17.7,267.751,226.21,43
car1,17.75,267.008,221.34,64
car1,17.75,267.77,226.227,44
car1,17.75,267.008,221.34,64
car1,17.8,267.809,226.26,45
car1,17.75,267.008,221.34,64
car1,17.8,267.809,226.26,45
car1,17.8,267.02,221.281,65
car1,17.8,267.809,226.26,45
car1,17.85,267.035,221.213,67
car1,17.85,267.852,226.298,47
car1,17.85,267.035,221.213,67
car1,17.85,267.852,226.298,47
car1,17.9,267.049,221.148,69
car1,17.9,267.889,226.33,48
car1,17.9,267.049,221.148,69
car1,17.9,267.889,226.33,48
car1,17.95,267.064,221.075,71
car1,17.95,267.923,226.359,49
car1,17.95,267.064,221.075,71
car1,17.95,267.923,226.359,49
car1,18,267.079,221.005,73
car1,18,267.954,226.386,50
car1,18,267.079,221.005,73
car1,18.05,267.994,226.421,52
car1,18,267.079,221.005,73
car1,18.05,267.994,226.421,52
car1,18.05,267.094,220.934,75
car1,18.1,268.04,226.461,53
car1,18.05,267.094,220.934,75
car1,18.1,268.04,226.461,53
car1,18.1,267.108,220.867,76
car1,18.15,268.071,226.488,54
car1,18.1,267.108,220.867,76
car1,18.15,268.071,226.488,54
car1,18.15,267.123,220.798,78
car1,18.2,268.11,226.522,56
car1,18.15,267.123,220.798,78
car1,18.2,268.11,226.522,56
car1,18.2,267.137,220.73,80
car1,18.25,268.16,226.565,57
car1,18.2,267.137,220.73,80
car1,18.25,268.16,226.565,57
car1,18.25,267.15,220.673,82
car1,18.3,268.212,226.611,59
car1,18.25,267.15,220.673,82
car1,18.3,268.212,226.611,59
car1,18.3,267.164,220.603,83
car1,18.35,268.304,226.69,62
car1,18.3,267.164,220.603,83
car1,18.35,268.304,226.69,62
car1,18.35,267.177,220.545,85
car1,18.35,268.304,226.69,62
car1,18.4,267.191,220.477,87
car1,18.35,268.304,226.69,62
car1,18.5,267.22,220.341,90
car1,18.55,267.232,220.284,92
car1,18.55,267.232,220.284,92
car1,18.6,267.243,220.231,93
car1,18.6,266.967,227.666,59
car1,18.6,267.243,220.231,93
car1,18.65,266.976,227.71,60
car1,18.6,267.243,220.231,93
car1,18.65,266.976,227.71,60
car1,18.65,267.257,220.168,95
car1,18.7,266.987,227.762,61
car1,18.65,267.257,220.168,95
car1,18.7,266.987,227.762,61
car1,18.7,267.269,220.109,97
car1,18.7,266.987,227.762,61
car1,18.75,267.283,220.044,98
car1,18.75,267.001,227.83,63
car1,18.75,267.283,220.044,98
car1,18.75,267.001,227.83,63
car1,18.8,267.298,219.977,100
car1,18.75,267.001,227.83,63
car1,18.85,267.312,219.909,102
car1,18.85,267.029,227.959,66
car1,18.85,267.312,219.909,102
car1,18.85,267.029,227.959,66
car1,18.9,267.325,219.848,104
car1,18.9,267.036,227.991,67
car1,18.9,267.325,219.848,104
car1,18.9,267.036,227.991,67
car1,18.95,267.34,219.775,106
car1,18.95,267.044,228.031,68
car1,18.95,267.34,219.775,106
car1,18.95,267.044,228.031,68
car1,19,267.354,219.712,107
car1,19,267.053,228.072,69
car1,19,267.354,219.712,107
car1,19,267.053,228.072,69
car1,19.05,267.369,219.639,109
car1,19.05,267.061,228.112,70
car1,19.05,267.369,219.639,109
car1,19.1,267.072,228.16,72
car1,19.05,267.369,219.639,109
car1,19.1,267.072,228.16,72
car1,19.1,267.381,219.584,111
car1,19.15,267.081,228.205,73
car1,19.1,267.381,219.584,111
car1,19.15,267.081,228.205,73
car1,19.15,267.394,219.525,112
car1,19.2,267.092,228.256,74
car1,19.15,267.394,219.525,112
car1,19.2,267.092,228.256,74
car1,19.2,267.407,219.462,114
car1,19.25,267.104,228.314,76
car1,19.2,267.407,219.462,114
car1,19.25,267.104,228.314,76
car1,19.25,267.42,219.399,116
car1,19.3,267.117,228.375,78
car1,19.25,267.42,219.399,116
car1,19.3,267.117,228.375,78
car1,19.3,267.432,219.343,117
car1,19.35,267.131,228.44,79
car1,19.3,267.432,219.343,117
car1,19.35,267.131,228.44,79
car1,19.35,267.444,219.288,119
car1,19.4,267.142,228.492,81
car1,19.35,267.444,219.288,119
car1,19.4,267.142,228.492,81
car1,19.4,267.456,219.231,120
car1,19.4,267.142,228.492,81
car1,19.45,267.469,219.168,122
car1,19.45,267.152,228.538,82
car1,19.45,267.469,219.168,122
car1,19.5,267.162,228.586,83
car1,19.45,267.469,219.168,122
car1,19.5,267.162,228.586,83
car1,19.5,267.483,219.104,123
car1,19.5,267.162,228.586,83
car1,19.55,267.496,219.045,125
car1,19.55,267.174,228.644,85
car1,19.55,267.496,219.045,125
car1,19.55,267.174,228.644,85
car1,19.6,267.508,218.985,127
car1,19.6,267.187,228.702,86
car1,19.6,267.508,218.985,127
car1,19.6,267.187,228.702,86
car1,19.65,267.521,218.925,128
car1,19.65,267.201,228.768,88
car1,19.65,267.521,218.925,128
car1,19.7,267.212,228.821,89
car1,19.65,267.521,218.925,128
car1,19.7,267.212,228.821,89
car1,19.7,267.536,218.857,130
car1,19.7,267.212,228.821,89
car1,19.75,267.549,218.793,132
car1,19.75,267.223,228.872,91
car1,19.75,267.549,218.793,132
car1,19.75,267.223,228.872,91
car1,19.8,267.563,218.727,134
car1,19.8,267.234,228.922,92
car1,19.8,267.563,218.727,134
car1,19.8,267.234,228.922,92
car1,19.85,267.579,218.655,135
car1,19.85,267.246,228.982,94
car1,19.85,267.579,218.655,135
car1,19.85,267.246,228.982,94
car1,19.9,267.594,218.582,137
car1,19.9,267.258,229.035,95
car1,19.9,267.594,218.582,137
car1,19.9,267.258,229.035,95
car1,19.95,267.607,218.52,139
car1,19.95,267.267,229.08,96
car1,19.95,267.607,218.52,139
